-0.5	-0.806023244693
-0.498	-0.806356107658
-0.496	-0.807403517335
-0.494	-0.80906083216
-0.492	-0.811378514481
-0.49	-0.814398315804
-0.488	-0.818082270767
-0.486	-0.822480130878
-0.484	-0.827547716918
-0.482	-0.833333387323
-0.48	-0.839797962874
-0.478	-0.846996588151
-0.476	-0.854895870082
-0.474	-0.863542774028
-0.472	-0.87290829999
-0.47	-0.883043592545
-0.468	-0.89391386555
-0.466	-0.905559263584
-0.464	-0.917949179718
-0.462	-0.931118151604
-0.46	-0.945046786169
-0.458	-0.95977740721
-0.456	-0.975311800871
-0.454	-0.991685111731
-0.452	-1.00888991208
-0.45	-1.02695634649
-0.448	-1.04588198727
-0.446	-1.06569237205
-0.444	-1.08640685927
-0.442	-1.10803798659
-0.44	-1.13060371936
-0.438	-1.15411277445
-0.436	-1.17860011723
-0.434	-1.20408025071
-0.432	-1.23058014025
-0.43	-1.25812268193
-0.428	-1.28672823419
-0.426	-1.31642569312
-0.424	-1.34723741715
-0.422	-1.37919769543
-0.42	-1.41232127947
-0.418	-1.44664424459
-0.416	-1.48219673534
-0.414	-1.51900922012
-0.412	-1.55711423656
-0.41	-1.59653964613
-0.408	-1.63733137953
-0.406	-1.67952208437
-0.404	-1.72315008444
-0.402	-1.76824763425
-0.4	-1.8148746299
-0.398	-1.86305593283
-0.396	-1.91284822527
-0.394	-1.96427276175
-0.392	-2.01740161755
-0.39	-2.07226001257
-0.388	-2.12891762903
-0.386	-2.18740586604
-0.384	-2.24779640582
-0.382	-2.31013543362
-0.38	-2.3744884178
-0.378	-2.44091672284
-0.376	-2.5094848171
-0.374	-2.58025545812
-0.372	-2.65330507964
-0.37	-2.72868743918
-0.368	-2.8064951497
-0.366	-2.88677914796
-0.364	-2.96962965382
-0.362	-3.05511396248
-0.36	-3.14332047304
-0.358	-3.23433026681
-0.356	-3.32823513598
-0.354	-3.42513134109
-0.352	-3.52512285353
-0.35	-3.62831350612
-0.348	-3.73479805641
-0.346	-3.84467451645
-0.344	-3.95805221605
-0.342	-4.07503195342
-0.34	-4.19575941681
-0.338	-4.32034136978
-0.336	-4.44891010751
-0.334	-4.58159175199
-0.332	-4.71852134992
-0.33	-4.85984480944
-0.328	-5.00570335644
-0.326	-5.15626186443
-0.324	-5.31165991776
-0.322	-5.4720629622
-0.32	-5.63763576133
-0.318	-5.80855529857
-0.316	-5.9849935167
-0.314	-6.16713754374
-0.312	-6.35517550169
-0.31	-6.54930927007
-0.308	-6.74975072238
-0.306	-6.95670509658
-0.304	-7.17038783845
-0.302	-7.39102972361
-0.3	-7.61886455629
-0.298	-7.85413825666
-0.296	-8.09709198738
-0.294	-8.34798281324
-0.292	-8.60707964838
-0.29	-8.8746604883
-0.288	-9.15100599867
-0.286	-9.43641271263
-0.284	-9.73118065429
-0.282	-10.0356374667
-0.28	-10.3500811394
-0.278	-10.6748626392
-0.276	-11.0103094933
-0.274	-11.3567852061
-0.272	-11.7146320563
-0.27	-12.0842350515
-0.268	-12.4659646148
-0.266	-12.8602290776
-0.264	-13.2674114007
-0.262	-13.6879522393
-0.26	-14.1222376989
-0.258	-14.5707495443
-0.256	-15.0338820258
-0.254	-15.5121372322
-0.252	-16.005931951
-0.25	-16.5157829882
-0.248	-17.0421304897
-0.246	-17.5855025851
-0.244	-18.1463599582
-0.242	-18.7252470622
-0.24	-19.322622974
-0.238	-19.9390790085
-0.236	-20.5750873869
-0.234	-21.2312061002
-0.232	-21.907907763
-0.23	-22.6058141584
-0.228	-23.3254148316
-0.226	-24.0672527735
-0.224	-24.8318005295
-0.222	-25.6197008132
-0.22	-26.4313623085
-0.218	-27.2673629372
-0.216	-28.128164175
-0.214	-29.0143220131
-0.212	-29.9261812044
-0.21	-30.864367532
-0.208	-31.8291439569
-0.206	-32.8210305393
-0.204	-33.8403311014
-0.202	-34.8874839115
-0.2	-35.9626790688
-0.198	-37.0662810493
-0.196	-38.198422091
-0.194	-39.3593788777
-0.192	-40.5491579935
-0.19	-41.7679523302
-0.188	-43.0156118878
-0.186	-44.2922049041
-0.184	-45.5974577256
-0.182	-46.9312440752
-0.18	-48.2931825763
-0.178	-49.6829405061
-0.176	-51.0999181115
-0.174	-52.5436170854
-0.172	-54.0132412288
-0.17	-55.5080359273
-0.168	-57.0269706056
-0.166	-58.5690942035
-0.164	-60.1331019076
-0.162	-61.7177524197
-0.16	-63.3215245501
-0.158	-64.9428329011
-0.156	-66.5799359063
-0.154	-68.2309280689
-0.152	-69.8937606537
-0.15	-71.5662349257
-0.148	-73.2460049814
-0.146	-74.9305170556
-0.144	-76.6171859374
-0.142	-78.3031406929
-0.14	-79.9854928733
-0.138	-81.6610465147
-0.136	-83.3266777917
-0.134	-84.9788296409
-0.132	-86.6141867912
-0.13	-88.2288989413
-0.128	-89.8193915127
-0.126	-91.3816266892
-0.124	-92.9118223771
-0.122	-94.405701453
-0.12	-95.8593800312
-0.118	-97.268363473
-0.116	-98.6286900314
-0.114	-99.9357693447
-0.112	-101.185599666
-0.11	-102.373502772
-0.108	-103.495480847
-0.106	-104.546887459
-0.104	-105.523790515
-0.102	-106.421561447
-0.1	-107.236511397
-0.098	-107.964047521
-0.096	-108.600700269
-0.094	-109.142066102
-0.092	-109.584914779
-0.09	-109.925131722
-0.088	-110.159801721
-0.086	-110.285081295
-0.084	-110.298455987
-0.082	-110.196367348
-0.08	-109.976773466
-0.078	-109.636540575
-0.076	-109.174017516
-0.074	-108.586509137
-0.072	-107.872836826
-0.07	-107.030781906
-0.068	-106.059682239
-0.066	-104.957771697
-0.064	-103.724850684
-0.062	-102.359653479
-0.06	-100.862496964
-0.058	-99.2325679619
-0.056	-97.4706219688
-0.054	-95.5763801447
-0.052	-93.5509987397
-0.05	-91.3946714586
-0.048	-89.1088913739
-0.046	-86.6942908049
-0.044	-84.1527696461
-0.042	-81.4852531086
-0.04	-78.6939361171
-0.038	-75.7800628434
-0.036	-72.7460993116
-0.034	-69.5935347237
-0.032	-66.3249486882
-0.03	-62.942023645
-0.028	-59.4474806483
-0.026	-55.8430796532
-0.024	-52.1315974367
-0.022	-48.3148236075
-0.02	-44.3954888735
-0.018	-40.3753646354
-0.016	-36.257059809
-0.014	-32.0422397256
-0.012	-27.733391509
-0.01	-23.3319986983
-0.008	-18.8403348329
-0.006	-14.2596098676
-0.004	-9.59188375734
-0.002	-4.83812287273
1.72695e-15	4.19220214098e-12
0.002	4.92175207464
0.004	9.92583380288
0.006	15.0117917058
0.008	20.1786455422
0.01	25.4264629326
0.012	30.754526874
0.014	36.1631203631
0.016	41.6521092886
0.018	47.2220159546
0.02	52.8728934182
0.022	58.6057511523
0.024	64.4209293827
0.026	70.319724751
0.028	76.302640721
0.03	82.371161103
0.032	88.5262286678
0.034	94.7694143945
0.036	101.101624292
0.038	107.524796854
0.04	114.039701329
0.042	120.648291585
0.044	127.351476178
0.046	134.150976493
0.048	141.047768599
0.05	148.043289258
0.052	155.138234194
0.054	162.334007683
0.056	169.630749032
0.058	177.029606104
0.06	184.530289997
0.062	192.133392157
0.064	199.838119406
0.066	207.644334983
0.068	215.550841433
0.07	223.556773785
0.072	231.659858516
0.074	239.858626379
0.076	248.15002778
0.078	256.531293473
0.08	264.998893517
0.082	273.548734735
0.084	282.176163257
0.086	290.876157696
0.088	299.642964183
0.09	308.470337401
0.092	317.35122348
0.094	326.278324965
0.096	335.243416194
0.098	344.237723641
0.1	353.252221645
0.102	362.27656489
0.104	371.300651643
0.106	380.313012657
0.108	389.302622271
0.11	398.256504057
0.112	407.162794063
0.114	416.00759672
0.116	424.778224145
0.118	433.459659228
0.12	442.038490158
0.122	450.49928068
0.124	458.827895051
0.126	467.008275481
0.128	475.026362294
0.13	482.865380949
0.132	490.51134784
0.134	497.94756928
0.136	505.160044912
0.138	512.132269085
0.14	518.851012724
0.142	525.299960605
0.144	531.466666903
0.146	537.335499642
0.148	542.895103425
0.15	548.130831916
0.152	553.032512967
0.154	557.586790672
0.156	561.784980915
0.158	565.615215825
0.16	569.070401716
0.162	572.140565928
0.164	574.820293238
0.166	577.101606202
0.168	578.981082415
0.17	580.452634861
0.172	581.514929172
0.174	582.164273544
0.176	582.401321643
0.178	582.224472094
0.18	581.636568991
0.182	580.638408566
0.184	579.234922946
0.186	577.428896398
0.188	575.22735387
0.19	572.635374845
0.192	569.661772304
0.194	566.313713763
0.196	562.601709812
0.198	558.534820787
0.2	554.125140526
0.202	549.383324581
0.204	544.322857217
0.206	538.955989197
0.208	533.297192823
0.21	527.359909287
0.212	521.159506103
0.214	514.710517283
0.216	508.028698377
0.218	501.129273825
0.22	494.028594391
0.222	486.742177334
0.224	479.286263846
0.226	471.676768795
0.228	463.929621407
0.23	456.060726976
0.232	448.085514729
0.234	440.019680388
0.236	431.878046001
0.238	423.675602504
0.24	415.426464764
0.242	407.145018932
0.244	398.844270303
0.246	390.537805029
0.248	382.237521224
0.25	373.95609786
0.252	365.704228267
0.254	357.493389024
0.256	349.333268673
0.258	341.234139008
0.26	333.204381392
0.262	325.253065225
0.264	317.387369478
0.266	309.615356372
0.268	301.942801287
0.27	294.376565247
0.272	286.921418608
0.274	279.582917848
0.276	272.365029732
0.278	265.272007387
0.28	258.306814469
0.282	251.472802189
0.284	244.771829178
0.286	238.206643057
0.288	231.777899586
0.29	225.487644472
0.292	219.336029644
0.294	213.32399794
0.296	207.451097698
0.298	201.717769122
0.3	196.122958399
0.302	190.666502383
0.304	185.346944865
0.306	180.163519828
0.308	175.114367954
0.31	170.198422029
0.312	165.413419623
0.314	160.758090889
0.316	156.229870765
0.318	151.827087252
0.32	147.547073373
0.322	143.388054974
0.324	139.347162446
0.326	135.422319721
0.328	131.610854796
0.33	127.910390407
0.332	124.318152159
0.334	120.831960873
0.336	117.448740478
0.338	114.166510119
0.34	110.982192291
0.342	107.893603746
0.344	104.897865782
0.346	101.992893475
0.348	99.1757062101
0.35	96.4442985837
0.352	93.7958778265
0.354	91.2283682968
0.356	88.7391448317
0.358	86.3261705931
0.36	83.9869097001
0.362	81.7194238788
0.364	79.5212765304
0.366	77.3906077057
0.368	75.3251000882
0.37	73.3229722927
0.372	71.3820265241
0.374	69.5005506794
0.376	67.6764752882
0.378	65.9081884868
0.38	64.1937093691
0.382	62.5315155927
0.384	60.9197552942
0.386	59.3569754135
0.388	57.8414336084
0.39	56.3717761009
0.392	54.9463398308
0.394	53.5638505416
0.396	52.2227744553
0.398	50.9219065973
0.4	49.6597829503
0.402	48.4352980611
0.404	47.2470774338
0.406	46.0940748973
0.408	44.9750059556
0.41	43.8889041985
0.412	42.8345641727
0.414	41.8110694678
0.416	40.8173039128
0.418	39.8524108579
0.42	38.9153343714
0.422	38.0052870856
0.424	37.1212923509
0.426	36.2626027996
0.428	35.4283020213
0.43	34.617691452
0.432	33.8299249204
0.434	33.0643641018
0.436	32.3201918678
0.438	31.5968103722
0.44	30.8934817688
0.442	30.2096482113
0.444	29.5446118535
0.446	28.8978346099
0.448	28.2686881555
0.45	27.6566741657
0.452	27.061194794
0.454	26.4817907585
0.456	25.9178842129
0.458	25.3690763537
0.46	24.8348190955
0.462	24.3147233954
0.464	23.8083106892
0.466	23.3151921736
0.468	22.8349095236
0.47	22.3671434572
0.472	21.9114354102
0.474	21.4674763399
0.476	21.0348772035
0.478	20.6133191974
0.48	20.2024332791
0.482	19.801949927
0.484	19.4115008163
0.486	19.030845947
0.488	18.6596369943
0.49	18.2976541975
0.492	17.944568753
0.494	17.6001613789
0.496	17.2641427931
0.498	16.9363134741
0.5	16.6163946185
0.502	16.3041962263
0.504	15.9994497334
0.506	15.7019851397
0.508	15.4115634025
0.51	15.1280047611
0.512	14.8511001727
0.514	14.5806701159
0.516	14.3165250693
0.518	14.0585057509
0.52	13.8064126393
0.522	13.5601159738
0.524	13.3194169509
0.526	13.084205092
0.528	12.8542818329
0.53	12.6295469344
0.532	12.4098313536
0.534	12.1950150906
0.536	11.984938624
0.538	11.7795126717
0.54	11.5785777124
0.542	11.3820437459
0.544	11.1897717296
0.546	11.0016716635
0.548	10.8176040261
0.55	10.6374892961
0.552	10.4611977128
0.554	10.2886592761
0.556	10.1197549434
0.558	9.95440447529
0.56	9.79249882901
0.562	9.63397824388
0.564	9.47872171989
0.566	9.32667921427
0.568	9.17774496633
0.57	9.03185997607
0.572	8.88892996142
0.574	8.74889868305
0.576	8.6116766196
0.578	8.47721201036
0.58	8.34541733395
0.582	8.21624535107
0.584	8.08961601893
0.586	7.96548457686
0.588	7.84377226415
0.59	7.72443755943
0.592	7.60740846268
0.594	7.49264421323
0.596	7.38007728967
0.598	7.26966745272
0.6	7.16135142027
0.602	7.05509219235
0.604	6.95082972617
0.606	6.84853054313
0.608	6.74813536114
0.61	6.64961194089
0.612	6.552905761
0.614	6.45798906079
0.616	6.36480655816
0.618	6.27333077451
0.62	6.18351266706
0.622	6.0953257572
0.624	6.00872076285
0.626	5.92367444471
0.628	5.84014052069
0.63	5.7580972301
0.632	5.67750057295
0.634	5.59832878854
0.636	5.52054011618
0.638	5.44411679517
0.64	5.36901730413
0.642	5.29522264305
0.644	5.22269481195
0.646	5.15141728943
0.648	5.0813530755
0.65	5.01248464876
0.652	4.94477924853
0.654	4.8782206355
0.656	4.81277452759
0.658	4.74842868549
0.66	4.68515082712
0.662	4.62292795249
0.664	4.56172806159
0.666	4.50154039373
0.668	4.44233328395
0.67	4.38409682796
0.672	4.32680233686
0.674	4.27043973887
0.676	4.21497948866
0.678	4.16041565803
0.68	4.10671858201
0.682	4.05388223666
0.684	4.00187898095
0.686	3.95070074309
0.688	3.90032407348
0.69	3.85074185247
0.692	3.80192839116
0.694	3.75387861775
0.696	3.70656808266
0.698	3.65999176195
0.7	3.61412784706
0.702	3.56896938587
0.704	3.52449580912
0.706	3.48070214074
0.708	3.43756762004
0.71	3.3950871513
0.712	3.35324123706
0.714	3.31202482946
0.716	3.27141919174
0.718	3.23142022818
0.72	3.19201044132
0.722	3.15318478329
0.724	3.11492654128
0.726	3.07723164348
0.728	3.04008256852
0.73	3.00347826852
0.732	2.9673999828
0.734	2.9318456635
0.736	2.89679974136
0.738	2.86225909674
0.74	2.8282080168
0.742	2.79464547761
0.744	2.76155481421
0.746	2.72893505052
0.748	2.69677244978
0.75	2.66506403592
0.752	2.63379707219
0.754	2.60296853464
0.756	2.57256573438
0.758	2.54258657569
0.76	2.51301939359
0.762	2.48386106844
0.764	2.45510003098
0.766	2.4267351855
0.768	2.39875284308
0.77	2.37115490802
0.772	2.34392771533
0.774	2.31707026502
0.776	2.2905727964
0.778	2.26443323768
0.78	2.2386399478
0.782	2.21319383106
0.784	2.18808422249
0.786	2.16330895456
0.788	2.13885838624
0.79	2.1147324218
0.792	2.09092142021
0.794	2.0674243336
0.796	2.04423240129
0.798	2.02134457541
0.8	1.99875211919
0.802	1.97645393692
0.804	1.95444141149
0.806	1.93271539931
0.808	1.91126513969
0.81	1.89009163263
0.812	1.86918711744
0.814	1.84855057018
0.816	1.8281742541
0.818	1.80805812133
0.82	1.78819333939
0.822	1.76858195613
0.824	1.74921518695
0.826	1.73009198397
0.828	1.7112065865
0.83	1.69255892275
0.832	1.67414020809
0.834	1.65595241861
0.836	1.63798786538
0.838	1.62024742877
0.84	1.60272337201
0.842	1.5854166233
0.844	1.56831942196
0.846	1.55143372012
0.848	1.53475275709
0.85	1.51827546108
0.852	1.5019979996
0.854	1.48591839658
0.856	1.47003081955
0.858	1.45433731635
0.86	1.43883003058
0.862	1.4235119383
0.864	1.40837520703
0.866	1.3934208607
0.868	1.37864304289
0.87	1.36404272968
0.872	1.34961413644
0.874	1.3353592153
0.876	1.32127010986
0.878	1.30734886797
0.88	1.29359060929
0.882	1.27999533382
0.884	1.26655828086
0.886	1.25328030683
0.888	1.24015765104
0.89	1.22718828955
0.892	1.21437034203
0.894	1.2017028324
0.896	1.18918195211
0.898	1.1768065815
0.9	1.16457095988
0.902	1.15247706332
0.904	1.14051698754
0.906	1.12869478041
0.908	1.1170055855
0.91	1.10545133103
0.912	1.09403125631
0.914	1.08274526561
0.916	1.07158950251
0.918	1.06056199095
0.92	1.04965582665
0.922	1.03887103353
0.924	1.02820580306
0.926	1.01766301556
0.928	1.00724191035
0.93	0.996941391711
0.932	0.98675357929
0.934	0.97667854488
0.936	0.966715336344
0.938	0.956864977612
0.94	0.947125612268
0.942	0.937497216382
0.944	0.927973185677
0.946	0.918553768013
0.948	0.909239511253
0.95	0.900031939328
0.952	0.890924919751
0.954	0.88191853287
0.956	0.873009994061
0.958	0.864201555463
0.96	0.855489612798
0.962	0.846875413929
0.964	0.838353358854
0.966	0.829925367228
0.968	0.821589839051
0.97	0.813347798253
0.972	0.805193640558
0.974	0.797128789895
0.976	0.789151670196
0.978	0.781263925045
0.98	0.773460002304
0.982	0.765741273764
0.984	0.75810628301
0.986	0.750556006112
0.988	0.743086267
0.99	0.735698041742
0.992	0.728388710687
0.994	0.721159969556
0.996	0.71400791835
0.998	0.706934148514
1.0	0.699935475425
1.002	0.693013299082
1.004	0.686165043418
1.006	0.679391664846
1.008	0.672689639437
1.01	0.666060038983
1.012	0.659500802791
1.014	0.653013726583
1.016	0.646595038568
1.018	0.640245838746
1.02	0.633962955325
1.022	0.627748460096
1.024	0.621599840228
1.026	0.615517895721
1.028	0.609499659061
1.03	0.603546454178
1.032	0.597655348587
1.034	0.59182839015
1.036	0.586063026727
1.038	0.580359586527
1.04	0.574715341342
1.042	0.569132215103
1.044	0.563607451394
1.046	0.558142226284
1.048	0.552734615843
1.05	0.54738502007
1.052	0.542090706481
1.054	0.536853899006
1.056	0.531671349784
1.058	0.526544334885
1.06	0.521471645753
1.062	0.516452982389
1.064	0.511486296932
1.066	0.506573313312
1.068	0.501710927252
1.07	0.496900886614
1.072	0.492141591398
1.074	0.487432717672
1.076	0.48277296116
1.078	0.478163621862
1.08	0.47360117157
1.082	0.469088210283
1.084	0.464622238003
1.086	0.460203578659
1.088	0.455831827975
1.09	0.45150648595
1.092	0.447225800447
1.094	0.442991499672
1.096	0.43880040328
1.098	0.43465461127
1.1	0.430552195435
1.102	0.426493231843
1.104	0.422477020496
1.106	0.418503709254
1.108	0.414571169909
1.11	0.410681678531
1.112	0.406831730843
1.114	0.403023531122
1.116	0.39925517509
1.118	0.395526686679
1.12	0.391837789819
1.122	0.38818820844
1.124	0.384576466475
1.126	0.381003963921
1.128	0.377467924712
1.13	0.373970596707
1.132	0.370509527768
1.134	0.367085670034
1.136	0.363698019227
1.138	0.360346427487
1.14	0.357030118743
1.142	0.35374978872
1.144	0.350503289555
1.146	0.34729259304
1.148	0.344114775245
1.15	0.340971884032
1.152	0.337861919399
1.154	0.334785505279
1.156	0.331741684746
1.158	0.32873072669
1.16	0.325751645979
1.162	0.322805056463
1.164	0.319889241898
1.166	0.317005602284
1.168	0.314152032837
1.17	0.311329890989
1.172	0.308537688705
1.174	0.305775911628
1.176	0.303043738728
1.178	0.300341422145
1.18	0.297667819311
1.182	0.295023837407
1.184	0.292407778825
1.186	0.289820874675
1.188	0.287261351281
1.19	0.284730389498
1.192	0.282226565906
1.194	0.279750332641
1.196	0.277301054318
1.198	0.274878826149
1.2	0.272482962495
1.202	0.270113784891
1.204	0.26777021009
1.206	0.265453333305
1.208	0.263161014364
1.21	0.260895212584
1.212	0.258653590185
1.214	0.256437737595
1.216	0.254245861992
1.218	0.25207900406
1.22	0.249936054225
1.222	0.24781722924
1.224	0.245722169787
1.226	0.243650844755
1.228	0.24160272115
1.23	0.239578063078
1.232	0.237576013612
1.234	0.23559717036
1.236	0.233640457252
1.238	0.23170667429
1.24	0.229794557367
1.242	0.227904884948
1.244	0.226036609679
1.246	0.224190410023
1.248	0.222365019483
1.25	0.220561635666
1.252	0.218778580109
1.254	0.2170170576
1.256	0.215275587281
1.258	0.213555171546
1.26	0.211854734327
1.262	0.210174868443
1.264	0.208514509792
1.266	0.206874439227
1.268	0.205253702218
1.27	0.203652872441
1.272	0.202070992972
1.274	0.20050875663
1.276	0.198965175382
1.278	0.197440870764
1.28	0.195935030813
1.282	0.194448086636
1.284	0.192979538236
1.286	0.191529388004
1.288	0.190097271837
1.29	0.188683356231
1.292	0.187287103407
1.294	0.185908870289
1.296	0.184547811919
1.298	0.183204497185
1.3	0.181878271557
1.302	0.180569511103
1.304	0.179277656506
1.306	0.178002983836
1.308	0.176744933774
1.31	0.175503884782
1.312	0.174279067971
1.314	0.173070978555
1.316	0.171878926106
1.318	0.170703327375
1.32	0.169543675183
1.322	0.168400288675
1.324	0.167272572636
1.326	0.166160829461
1.328	0.165064578293
1.33	0.163983911953
1.332	0.16291855198
1.334	0.161868791193
1.336	0.160834048737
1.338	0.159814717433
1.34	0.158810125998
1.342	0.157820652895
1.344	0.156845838805
1.346	0.155885952619
1.348	0.154940639805
1.35	0.154010069252
1.352	0.153093781644
1.354	0.152191948264
1.356	0.151304407399
1.358	0.150431037514
1.36	0.149571867325
1.362	0.148726777686
1.364	0.147895502102
1.366	0.147078114248
1.368	0.146274552414
1.37	0.145484792669
1.372	0.144708663729
1.374	0.143945956023
1.376	0.143196888695
1.378	0.142461154565
1.38	0.141738875172
1.382	0.141029933764
1.384	0.140334051878
1.386	0.139651319943
1.388	0.138981752316
1.39	0.138325144212
1.392	0.137681505203
1.394	0.137050742468
1.396	0.136432760793
1.398	0.135827664964
1.4	0.135235154982
1.402	0.134655435632
1.404	0.134088106915
1.406	0.133533473617
1.408	0.132991240523
1.41	0.132461617206
1.412	0.131944201273
1.414	0.13143930469
1.416	0.130946417884
1.418	0.13046605282
1.42	0.12999760232
1.422	0.129541480741
1.424	0.129097288084
1.426	0.128665431527
1.428	0.128245306286
1.43	0.127837417145
1.432	0.127441266498
1.434	0.127057154345
1.436	0.126684692652
1.438	0.126324279024
1.44	0.125975515856
1.442	0.125638700755
1.444	0.125313443292
1.446	0.124999838681
1.448	0.124697998888
1.45	0.12440781434
1.452	0.124129197003
1.454	0.123862137305
1.456	0.123606649604
1.458	0.12336272672
1.46	0.123130278227
1.462	0.122909294551
1.464	0.122699787658
1.466	0.12250175037
1.468	0.12231509465
1.47	0.122139813321
1.472	0.121976011167
1.474	0.121823483404
1.476	0.121682441996
1.478	0.121552582158
1.48	0.121434201495
1.482	0.121327002402
1.484	0.121231284878
1.486	0.121146751317
1.488	0.121073604111
1.49	0.121011638474
1.492	0.120961059192
1.494	0.120921666266
1.496	0.120893550123
1.498	0.12087673948
1.5	0.12087103673
