0	-1.813936E+00
0.0001325	-1.813934E+00
0.000265	-1.813927E+00
0.0003975	-1.813916E+00
0.00053	-1.813900E+00
0.0006625	-1.813879E+00
0.000795	-1.813854E+00
0.0009275	-1.813823E+00
0.00106	-1.813789E+00
0.0011925	-1.813749E+00
0.001325	-1.813705E+00
0.0014575	-1.813656E+00
0.00159	-1.813603E+00
0.0017225	-1.813545E+00
0.001855	-1.813482E+00
0.0019875	-1.813415E+00
0.00212	-1.813342E+00
0.0022525	-1.813265E+00
0.002385	-1.813184E+00
0.0025175	-1.813097E+00
0.00265	-1.813006E+00
0.0027825	-1.812910E+00
0.002915	-1.812810E+00
0.0030475	-1.812704E+00
0.00318	-1.812594E+00
0.0033125	-1.812480E+00
0.003445	-1.812360E+00
0.0035775	-1.812235E+00
0.00371	-1.812107E+00
0.0038425	-1.811973E+00
0.003975	-1.811834E+00
0.0041075	-1.811690E+00
0.00424	-1.811542E+00
0.0043725	-1.811389E+00
0.004505	-1.811231E+00
0.0046375	-1.811068E+00
0.00477	-1.810901E+00
0.0049025	-1.810728E+00
0.005035	-1.810550E+00
0.0051675	-1.810368E+00
0.0053	-1.810181E+00
0.0054325	-1.809989E+00
0.005565	-1.809792E+00
0.0056975	-1.809590E+00
0.00583	-1.809383E+00
0.0059625	-1.809171E+00
0.006095	-1.808953E+00
0.0062275	-1.808732E+00
0.00636	-1.808505E+00
0.0064925	-1.808273E+00
0.006625	-1.808035E+00
0.0067575	-1.807793E+00
0.00689	-1.807546E+00
0.0070225	-1.807292E+00
0.007155	-1.807035E+00
0.0072875	-1.806772E+00
0.00742	-1.806505E+00
0.0075525	-1.806230E+00
0.007685	-1.805952E+00
0.0078175	-1.805669E+00
0.00795	-1.805380E+00
0.0080825	-1.805085E+00
0.008215	-1.804786E+00
0.0083475	-1.804481E+00
0.00848	-1.804171E+00
0.0086125	-1.803855E+00
0.008745	-1.803534E+00
0.0088775	-1.803208E+00
0.00901	-1.802875E+00
0.0091425	-1.802538E+00
0.009275	-1.802195E+00
0.0094075	-1.801847E+00
0.00954	-1.801492E+00
0.0096725	-1.801133E+00
0.009805	-1.800768E+00
0.0099375	-1.800398E+00
0.01007	-1.800020E+00
0.0102025	-1.799638E+00
0.010335	-1.799251E+00
0.0104675	-1.798858E+00
0.0106	-1.798457E+00
0.0107325	-1.798052E+00
0.010865	-1.797641E+00
0.0109975	-1.797225E+00
0.01113	-1.796800E+00
0.0112625	-1.796372E+00
0.011395	-1.795938E+00
0.0115275	-1.795495E+00
0.01166	-1.795049E+00
0.0117925	-1.794597E+00
0.011925	-1.794138E+00
0.0120575	-1.793671E+00
0.01219	-1.793200E+00
0.0123225	-1.792723E+00
0.012455	-1.792240E+00
0.0125875	-1.791748E+00
0.01272	-1.791252E+00
0.0128525	-1.790750E+00
0.012985	-1.790241E+00
0.0131175	-1.789723E+00
0.01325	-1.789202E+00
0.0133825	-1.788673E+00
0.013515	-1.788136E+00
0.0136475	-1.787595E+00
0.01378	-1.787047E+00
0.0139125	-1.786492E+00
0.014045	-1.785928E+00
0.0141775	-1.785360E+00
0.01431	-1.784785E+00
0.0144425	-1.784203E+00
0.014575	-1.783611E+00
0.0147075	-1.783015E+00
0.01484	-1.782412E+00
0.0149725	-1.781802E+00
0.015105	-1.781182E+00
0.0152375	-1.780558E+00
0.01537	-1.779927E+00
0.0155025	-1.779285E+00
0.015635	-1.778639E+00
0.0157675	-1.777985E+00
0.0159	-1.777325E+00
0.0160325	-1.776653E+00
0.016165	-1.775977E+00
0.0162975	-1.775294E+00
0.01643	-1.774603E+00
0.0165625	-1.773901E+00
0.016695	-1.773194E+00
0.0168275	-1.772480E+00
0.01696	-1.771758E+00
0.0170925	-1.771024E+00
0.017225	-1.770286E+00
0.0173575	-1.769540E+00
0.01749	-1.768786E+00
0.0176225	-1.768020E+00
0.017755	-1.767250E+00
0.0178875	-1.766471E+00
0.01802	-1.765680E+00
0.0181525	-1.764884E+00
0.018285	-1.764080E+00
0.0184175	-1.763268E+00
0.01855	-1.762442E+00
0.0186825	-1.761612E+00
0.018815	-1.760774E+00
0.0189475	-1.759926E+00
0.01908	-1.759066E+00
0.0192125	-1.758200E+00
0.019345	-1.757326E+00
0.0194775	-1.756442E+00
0.01961	-1.755545E+00
0.0197425	-1.754643E+00
0.019875	-1.753732E+00
0.0200075	-1.752807E+00
0.02014	-1.751877E+00
0.0202725	-1.750937E+00
0.020405	-1.749988E+00
0.0205375	-1.749024E+00
0.02067	-1.748055E+00
0.0208025	-1.747077E+00
0.020935	-1.746088E+00
0.0210675	-1.745084E+00
0.0212	-1.744075E+00
0.0213325	-1.743056E+00
0.021465	-1.742027E+00
0.0215975	-1.740982E+00
0.02173	-1.739932E+00
0.0218625	-1.738871E+00
0.021995	-1.737800E+00
0.0221275	-1.736712E+00
0.02226	-1.735619E+00
0.0223925	-1.734516E+00
0.022525	-1.733395E+00
0.0226575	-1.732269E+00
0.02279	-1.731132E+00
0.0229225	-1.729984E+00
0.023055	-1.728818E+00
0.0231875	-1.727646E+00
0.02332	-1.726463E+00
0.0234525	-1.725269E+00
0.023585	-1.724056E+00
0.0237175	-1.722838E+00
0.02385	-1.721608E+00
0.0239825	-1.720365E+00
0.024115	-1.719104E+00
0.0242475	-1.717837E+00
0.02438	-1.716558E+00
0.0245125	-1.715259E+00
0.024645	-1.713954E+00
0.0247775	-1.712637E+00
0.02491	-1.711307E+00
0.0250425	-1.709957E+00
0.025175	-1.708600E+00
0.0253075	-1.707231E+00
0.02544	-1.705848E+00
0.0255725	-1.704444E+00
0.025705	-1.703035E+00
0.0258375	-1.701611E+00
0.02597	-1.700173E+00
0.0261025	-1.698715E+00
0.026235	-1.697249E+00
0.0263675	-1.695770E+00
0.0265	-1.694268E+00
0.0266325	-1.692760E+00
0.026765	-1.691237E+00
0.0268975	-1.689699E+00
0.02703	-1.688139E+00
0.0271625	-1.686571E+00
0.027295	-1.684989E+00
0.0274275	-1.683391E+00
0.02756	-1.681769E+00
0.0276925	-1.680141E+00
0.027825	-1.678496E+00
0.0279575	-1.676836E+00
0.02809	-1.675152E+00
0.0282225	-1.673459E+00
0.028355	-1.671751E+00
0.0284875	-1.670026E+00
0.02862	-1.668276E+00
0.0287525	-1.666518E+00
0.028885	-1.664743E+00
0.0290175	-1.662942E+00
0.02915	-1.661134E+00
0.0292825	-1.659308E+00
0.029415	-1.657464E+00
0.0295475	-1.655593E+00
0.02968	-1.653715E+00
0.0298125	-1.651818E+00
0.029945	-1.649903E+00
0.0300775	-1.647960E+00
0.03021	-1.646009E+00
0.0303425	-1.644039E+00
0.030475	-1.642050E+00
0.0306075	-1.640032E+00
0.03074	-1.638006E+00
0.0308725	-1.635960E+00
0.031005	-1.633884E+00
0.0311375	-1.631799E+00
0.03127	-1.629695E+00
0.0314025	-1.627570E+00
0.031535	-1.625415E+00
0.0316675	-1.623250E+00
0.0318	-1.621065E+00
0.0319325	-1.618859E+00
0.032065	-1.616621E+00
0.0321975	-1.614373E+00
0.03233	-1.612104E+00
0.0324625	-1.609814E+00
0.032595	-1.607490E+00
0.0327275	-1.605157E+00
0.03286	-1.602801E+00
0.0329925	-1.600423E+00
0.033125	-1.598012E+00
0.0332575	-1.595589E+00
0.03339	-1.593144E+00
0.0335225	-1.590663E+00
0.033655	-1.588172E+00
0.0337875	-1.585657E+00
0.03392	-1.583119E+00
0.0340525	-1.580545E+00
0.034185	-1.577959E+00
0.0343175	-1.575349E+00
0.03445	-1.572715E+00
0.0345825	-1.570044E+00
0.034715	-1.567360E+00
0.0348475	-1.564652E+00
0.03498	-1.561918E+00
0.0351125	-1.559146E+00
0.035245	-1.556361E+00
0.0353775	-1.553551E+00
0.03551	-1.550701E+00
0.0356425	-1.547838E+00
0.035775	-1.544949E+00
0.0359075	-1.542033E+00
0.03604	-1.539077E+00
0.0361725	-1.536107E+00
0.036305	-1.533110E+00
0.0364375	-1.530085E+00
0.03657	-1.527019E+00
0.0367025	-1.523939E+00
0.036835	-1.520830E+00
0.0369675	-1.517693E+00
0.0371	-1.514513E+00
0.0372325	-1.511318E+00
0.037365	-1.508094E+00
0.0374975	-1.504841E+00
0.03763	-1.501543E+00
0.0377625	-1.498230E+00
0.037895	-1.494888E+00
0.0380275	-1.491500E+00
0.03816	-1.488096E+00
0.0382925	-1.484662E+00
0.038425	-1.481196E+00
0.0385575	-1.477685E+00
0.03869	-1.474157E+00
0.0388225	-1.470597E+00
0.038955	-1.467005E+00
0.0390875	-1.463367E+00
0.03922	-1.459710E+00
0.0393525	-1.456021E+00
0.039485	-1.452299E+00
0.0396175	-1.448529E+00
0.03975	-1.444741E+00
0.0398825	-1.440919E+00
0.040015	-1.437048E+00
0.0401475	-1.433158E+00
0.04028	-1.429234E+00
0.0404125	-1.425275E+00
0.040545	-1.421266E+00
0.0406775	-1.417238E+00
0.04081	-1.413174E+00
0.0409425	-1.409075E+00
0.041075	-1.404925E+00
0.0412075	-1.400754E+00
0.04134	-1.396546E+00
0.0414725	-1.392303E+00
0.041605	-1.388007E+00
0.0417375	-1.383690E+00
0.04187	-1.379336E+00
0.0420025	-1.374929E+00
0.042135	-1.370500E+00
0.0422675	-1.366033E+00
0.0424	-1.361528E+00
0.0425325	-1.356970E+00
0.042665	-1.352388E+00
0.0427975	-1.347767E+00
0.04293	-1.343107E+00
0.0430625	-1.338394E+00
0.043195	-1.333656E+00
0.0433275	-1.328878E+00
0.04346	-1.324061E+00
0.0435925	-1.319189E+00
0.043725	-1.314291E+00
0.0438575	-1.309353E+00
0.04399	-1.304374E+00
0.0441225	-1.299340E+00
0.044255	-1.294279E+00
0.0443875	-1.289177E+00
0.04452	-1.284020E+00
0.0446525	-1.278834E+00
0.044785	-1.273607E+00
0.0449175	-1.268338E+00
0.04505	-1.263013E+00
0.0451825	-1.257659E+00
0.045315	-1.252262E+00
0.0454475	-1.246823E+00
0.04558	-1.241328E+00
0.0457125	-1.235802E+00
0.045845	-1.230234E+00
0.0459775	-1.224621E+00
0.04611	-1.218953E+00
0.0462425	-1.213253E+00
0.046375	-1.207509E+00
0.0465075	-1.201710E+00
0.04664	-1.195878E+00
0.0467725	-1.190001E+00
0.046905	-1.184080E+00
0.0470375	-1.178103E+00
0.04717	-1.172092E+00
0.0473025	-1.166036E+00
0.047435	-1.159936E+00
0.0475675	-1.153779E+00
0.0477	-1.147588E+00
0.0478325	-1.141351E+00
0.047965	-1.135069E+00
0.0480975	-1.128732E+00
0.04823	-1.122358E+00
0.0483625	-1.115938E+00
0.048495	-1.109473E+00
0.0486275	-1.102953E+00
0.04876	-1.096395E+00
0.0488925	-1.089792E+00
0.049025	-1.083134E+00
0.0491575	-1.076438E+00
0.04929	-1.069696E+00
0.0494225	-1.062907E+00
0.049555	-1.056065E+00
0.0496875	-1.049183E+00
0.04982	-1.042255E+00
0.0499525	-1.035281E+00
0.050085	-1.028254E+00
0.0502175	-1.021187E+00
0.05035	-1.014073E+00
0.0504825	-1.006912E+00
0.050615	-9.997007E-01
0.0507475	-9.924472E-01
0.05088	-9.851473E-01
0.0510125	-9.777979E-01
0.051145	-9.704050E-01
0.0512775	-9.629660E-01
0.05141	-9.554807E-01
0.0515425	-9.479474E-01
0.051675	-9.403696E-01
0.0518075	-9.327459E-01
0.05194	-9.250763E-01
0.0520725	-9.173602E-01
0.052205	-9.095987E-01
0.0523375	-9.017917E-01
0.05247	-8.939391E-01
0.0526025	-8.860419E-01
0.052735	-8.780984E-01
0.0528675	-8.701099E-01
0.053	-8.620788E-01
0.0531325	-8.540001E-01
0.053265	-8.458770E-01
0.0533975	-8.377093E-01
0.05353	-8.295011E-01
0.0536625	-8.212447E-01
0.053795	-8.129445E-01
0.0539275	-8.046005E-01
0.05406	-7.962182E-01
0.0541925	-7.877872E-01
0.054325	-7.793132E-01
0.0544575	-7.707963E-01
0.05459	-7.622435E-01
0.0547225	-7.536416E-01
0.054855	-7.449976E-01
0.0549875	-7.363117E-01
0.05512	-7.275925E-01
0.0552525	-7.188238E-01
0.055385	-7.100142E-01
0.0555175	-7.011738E-01
0.05565	-6.922828E-01
0.0557825	-6.833521E-01
0.055915	-6.743816E-01
0.0560475	-6.653832E-01
0.05618	-6.563341E-01
0.0563125	-6.472467E-01
0.056445	-6.381208E-01
0.0565775	-6.289699E-01
0.05671	-6.197685E-01
0.0568425	-6.105300E-01
0.056975	-6.012547E-01
0.0571075	-5.919574E-01
0.05724	-5.826098E-01
0.0573725	-5.732268E-01
0.057505	-5.638247E-01
0.0576375	-5.543714E-01
0.05777	-5.448843E-01
0.0579025	-5.353635E-01
0.058035	-5.258268E-01
0.0581675	-5.162395E-01
0.0583	-5.066202E-01
0.0584325	-4.969689E-01
0.058565	-4.873050E-01
0.0586975	-4.775913E-01
0.05883	-4.678475E-01
0.0589625	-4.580736E-01
0.059095	-4.482905E-01
0.0592275	-4.384585E-01
0.05936	-4.285984E-01
0.0594925	-4.187101E-01
0.059625	-4.088163E-01
0.0597575	-3.988745E-01
0.05989	-3.889066E-01
0.0600225	-3.789358E-01
0.060155	-3.689169E-01
0.0602875	-3.588743E-01
0.06042	-3.488077E-01
0.0605525	-3.387415E-01
0.060685	-3.286289E-01
0.0608175	-3.184947E-01
0.06095	-3.083388E-01
0.0610825	-2.981868E-01
0.061215	-2.879900E-01
0.0613475	-2.777739E-01
0.06148	-2.675385E-01
0.0616125	-2.573106E-01
0.061745	-2.470395E-01
0.0618775	-2.367516E-01
0.06201	-2.264736E-01
0.0621425	-2.161530E-01
0.062275	-2.058180E-01
0.0624075	-1.954685E-01
0.06254	-1.851321E-01
0.0626725	-1.747554E-01
0.062805	-1.643669E-01
0.0629375	-1.539664E-01
0.06307	-1.435822E-01
0.0632025	-1.331602E-01
0.063335	-1.227288E-01
0.0634675	-1.122880E-01
0.0636	-1.018669E-01
0.0637325	-9.141040E-02
0.063865	-8.094707E-02
0.0639975	-7.047694E-02
0.06413	-6.002984E-02
0.0642625	-4.954977E-02
0.064395	-3.906552E-02
0.0645275	-2.860602E-02
0.06466	-1.811507E-02
0.0647925	-7.622553E-03
0.064925	2.871518E-03
0.0650575	1.333803E-02
0.06519	2.383294E-02
0.0653225	3.432676E-02
0.065455	4.481951E-02
0.0655875	5.528188E-02
0.06572	6.576958E-02
0.0658525	7.625357E-02
0.065985	8.673385E-02
0.0661175	9.718094E-02
0.06625	1.076503E-01
0.0663825	1.181134E-01
0.066515	1.285419E-01
0.0666475	1.389908E-01
0.06678	1.494308E-01
0.0669125	1.598619E-01
0.067045	1.702562E-01
0.0671775	1.806674E-01
0.06731	1.910671E-01
0.0674425	2.014553E-01
0.067575	2.118045E-01
0.0677075	2.221671E-01
0.06784	2.325157E-01
0.0679725	2.428503E-01
0.068105	2.531439E-01
0.0682375	2.634473E-01
0.06837	2.737342E-01
0.0685025	2.839792E-01
0.068635	2.942320E-01
0.0687675	3.044659E-01
0.0689	3.146808E-01
0.0690325	3.248523E-01
0.069165	3.350277E-01
0.0692975	3.451819E-01
0.06943	3.553149E-01
0.0695625	3.654028E-01
0.069695	3.754911E-01
0.0698275	3.855558E-01
0.06996	3.955970E-01
0.0700925	4.055918E-01
0.070225	4.155833E-01
0.0703575	4.255490E-01
0.07049	4.354891E-01
0.0706225	4.453814E-01
0.070755	4.552670E-01
0.0708875	4.651248E-01
0.07102	4.749350E-01
0.0711525	4.847357E-01
0.071285	4.945067E-01
0.0714175	5.042478E-01
0.07155	5.139405E-01
0.0716825	5.236202E-01
0.071815	5.332681E-01
0.0719475	5.428843E-01
0.07208	5.524515E-01
0.0722125	5.620021E-01
0.072345	5.715192E-01
0.0724775	5.810028E-01
0.07261	5.904367E-01
0.0727425	5.998508E-01
0.072875	6.092296E-01
0.0730075	6.185593E-01
0.07314	6.278667E-01
0.0732725	6.371373E-01
0.073405	6.463710E-01
0.0735375	6.555554E-01
0.07367	6.647142E-01
0.0738025	6.738347E-01
0.073935	6.829169E-01
0.0740675	6.919498E-01
0.0742	7.009540E-01
0.0743325	7.099184E-01
0.074465	7.188432E-01
0.0745975	7.277189E-01
0.07473	7.365627E-01
0.0748625	7.453657E-01
0.074995	7.541279E-01
0.0751275	7.628409E-01
0.07526	7.715195E-01
0.0753925	7.801562E-01
0.075525	7.887448E-01
0.0756575	7.972966E-01
0.07579	8.058055E-01
0.0759225	8.142714E-01
0.076055	8.226898E-01
0.0761875	8.310687E-01
0.07632	8.394039E-01
0.0764525	8.476952E-01
0.076585	8.559396E-01
0.0767175	8.641422E-01
0.07685	8.723002E-01
0.0769825	8.804136E-01
0.077115	8.884807E-01
0.0772475	8.965039E-01
0.07738	9.044819E-01
0.0775125	9.124148E-01
0.077645	9.203019E-01
0.0777775	9.281432E-01
0.07791	9.359388E-01
0.0780425	9.436901E-01
0.078175	9.513937E-01
0.0783075	9.590512E-01
0.07844	9.666625E-01
0.0785725	9.742305E-01
0.078705	9.817490E-01
0.0788375	9.892211E-01
0.07897	9.966467E-01
0.0791025	1.004030E+00
0.079235	1.011362E+00
0.0793675	1.018648E+00
0.0795	1.025893E+00
0.0796325	1.033085E+00
0.079765	1.040230E+00
0.0798975	1.047329E+00
0.08003	1.054388E+00
0.0801625	1.061393E+00
0.080295	1.068351E+00
0.0804275	1.075263E+00
0.08056	1.082136E+00
0.0806925	1.088954E+00
0.080825	1.095726E+00
0.0809575	1.102451E+00
0.08109	1.109138E+00
0.0812225	1.115769E+00
0.081355	1.122355E+00
0.0814875	1.128894E+00
0.08162	1.135396E+00
0.0817525	1.141842E+00
0.081885	1.148242E+00
0.0820175	1.154607E+00
0.08215	1.160915E+00
0.0822825	1.167176E+00
0.082415	1.173392E+00
0.0825475	1.179574E+00
0.08268	1.185699E+00
0.0828125	1.191778E+00
0.082945	1.197812E+00
0.0830775	1.203813E+00
0.08321	1.209756E+00
0.0833425	1.215654E+00
0.083475	1.221507E+00
0.0836075	1.227329E+00
0.08374	1.233093E+00
0.0838725	1.238813E+00
0.084005	1.244502E+00
0.0841375	1.250133E+00
0.08427	1.255720E+00
0.0844025	1.261263E+00
0.084535	1.266777E+00
0.0846675	1.272233E+00
0.0848	1.277646E+00
0.0849325	1.283016E+00
0.085065	1.288357E+00
0.0851975	1.293641E+00
0.08533	1.298883E+00
0.0854625	1.304082E+00
0.085595	1.309254E+00
0.0857275	1.314369E+00
0.08586	1.319442E+00
0.0859925	1.324473E+00
0.086125	1.329478E+00
0.0862575	1.334427E+00
0.08639	1.339335E+00
0.0865225	1.344217E+00
0.086655	1.349043E+00
0.0867875	1.353829E+00
0.08692	1.358575E+00
0.0870525	1.363297E+00
0.087185	1.367963E+00
0.0873175	1.372589E+00
0.08745	1.377177E+00
0.0875825	1.381741E+00
0.087715	1.386250E+00
0.0878475	1.390721E+00
0.08798	1.395153E+00
0.0881125	1.399563E+00
0.088245	1.403919E+00
0.0883775	1.408238E+00
0.08851	1.412535E+00
0.0886425	1.416778E+00
0.088775	1.420985E+00
0.0889075	1.425155E+00
0.08904	1.429304E+00
0.0891725	1.433401E+00
0.089305	1.437461E+00
0.0894375	1.441486E+00
0.08957	1.445491E+00
0.0897025	1.449445E+00
0.089835	1.453364E+00
0.0899675	1.457248E+00
0.0901	1.461112E+00
0.0902325	1.464927E+00
0.090365	1.468707E+00
0.0904975	1.472454E+00
0.09063	1.476182E+00
0.0907625	1.479861E+00
0.090895	1.483507E+00
0.0910275	1.487135E+00
0.09116	1.490715E+00
0.0912925	1.494262E+00
0.091425	1.497777E+00
0.0915575	1.501276E+00
0.09169	1.504726E+00
0.0918225	1.508146E+00
0.091955	1.511534E+00
0.0920875	1.514906E+00
0.09222	1.518231E+00
0.0923525	1.521526E+00
0.092485	1.524791E+00
0.0926175	1.528040E+00
0.09275	1.531244E+00
0.0928825	1.534419E+00
0.093015	1.537578E+00
0.0931475	1.540694E+00
0.09328	1.543780E+00
0.0934125	1.546838E+00
0.093545	1.549881E+00
0.0936775	1.552881E+00
0.09381	1.555854E+00
0.0939425	1.558798E+00
0.094075	1.561728E+00
0.0942075	1.564617E+00
0.09434	1.567479E+00
0.0944725	1.570313E+00
0.094605	1.573134E+00
0.0947375	1.575915E+00
0.09487	1.578669E+00
0.0950025	1.581411E+00
0.095135	1.584113E+00
0.0952675	1.586789E+00
0.0954	1.589439E+00
0.0955325	1.592078E+00
0.095665	1.594677E+00
0.0957975	1.597252E+00
0.09593	1.599802E+00
0.0960625	1.602341E+00
0.096195	1.604842E+00
0.0963275	1.607319E+00
0.09646	1.609771E+00
0.0965925	1.612213E+00
0.096725	1.614618E+00
0.0968575	1.617001E+00
0.09699	1.619359E+00
0.0971225	1.621707E+00
0.097255	1.624020E+00
0.0973875	1.626311E+00
0.09752	1.628591E+00
0.0976525	1.630836E+00
0.097785	1.633060E+00
0.0979175	1.635262E+00
0.09805	1.637453E+00
0.0981825	1.639612E+00
0.098315	1.641749E+00
0.0984475	1.643865E+00
0.09858	1.645971E+00
0.0987125	1.648046E+00
0.098845	1.650099E+00
0.0989775	1.652132E+00
0.09911	1.654156E+00
0.0992425	1.656149E+00
0.099375	1.658122E+00
0.0995075	1.660086E+00
0.09964	1.662019E+00
0.0997725	1.663934E+00
0.099905	1.665829E+00
0.100037	1.667715E+00
0.10017	1.669571E+00
0.100302	1.671410E+00
0.100435	1.673229E+00
0.100567	1.675040E+00
0.1007	1.676823E+00
0.100832	1.678587E+00
0.100965	1.680334E+00
0.101097	1.682072E+00
0.10123	1.683783E+00
0.101362	1.685477E+00
0.101495	1.687153E+00
0.101627	1.688821E+00
0.10176	1.690463E+00
0.101892	1.692088E+00
0.102025	1.693705E+00
0.102157	1.695297E+00
0.10229	1.696871E+00
0.102422	1.698430E+00
0.102555	1.699981E+00
0.102687	1.701507E+00
0.10282	1.703017E+00
0.102952	1.704512E+00
0.103085	1.705999E+00
0.103217	1.707462E+00
0.10335	1.708909E+00
0.103482	1.710342E+00
0.103615	1.711767E+00
0.103747	1.713169E+00
0.10388	1.714556E+00
0.104012	1.715936E+00
0.104145	1.717294E+00
0.104277	1.718637E+00
0.10441	1.719965E+00
0.104542	1.721287E+00
0.104675	1.722587E+00
0.104807	1.723873E+00
0.10494	1.725145E+00
0.105072	1.726410E+00
0.105205	1.727655E+00
0.105337	1.728886E+00
0.10547	1.730103E+00
0.105602	1.731313E+00
0.105735	1.732504E+00
0.105867	1.733681E+00
0.106	1.734852E+00
0.106132	1.736003E+00
0.106265	1.737141E+00
0.106397	1.738267E+00
0.10653	1.739386E+00
0.106662	1.740486E+00
0.106795	1.741574E+00
0.106927	1.742649E+00
0.10706	1.743718E+00
0.107192	1.744769E+00
0.107325	1.745808E+00
0.107457	1.746835E+00
0.10759	1.747855E+00
0.107722	1.748858E+00
0.107855	1.749850E+00
0.107987	1.750829E+00
0.10812	1.751803E+00
0.108252	1.752760E+00
0.108385	1.753705E+00
0.108517	1.754644E+00
0.10865	1.755567E+00
0.108782	1.756478E+00
0.108915	1.757379E+00
0.109047	1.758274E+00
0.10918	1.759152E+00
0.109312	1.760020E+00
0.109445	1.760877E+00
0.109577	1.761729E+00
0.10971	1.762565E+00
0.109842	1.763390E+00
0.109975	1.764205E+00
0.110107	1.765015E+00
0.11024	1.765809E+00
0.110372	1.766593E+00
0.110505	1.767372E+00
0.110637	1.768136E+00
0.11077	1.768890E+00
0.110902	1.769634E+00
0.111035	1.770373E+00
0.111167	1.771097E+00
0.1113	1.771812E+00
0.111432	1.772517E+00
0.111565	1.773217E+00
0.111697	1.773903E+00
0.11183	1.774579E+00
0.111962	1.775246E+00
0.112095	1.775908E+00
0.112227	1.776557E+00
0.11236	1.777196E+00
0.112492	1.777826E+00
0.112625	1.778451E+00
0.112757	1.779063E+00
0.11289	1.779666E+00
0.113022	1.780264E+00
0.113155	1.780849E+00
0.113287	1.781425E+00
0.11342	1.781993E+00
0.113552	1.782555E+00
0.113685	1.783106E+00
0.113817	1.783647E+00
0.11395	1.784180E+00
0.114082	1.784708E+00
0.114215	1.785224E+00
0.114347	1.785732E+00
0.11448	1.786231E+00
0.114612	1.786725E+00
0.114745	1.787208E+00
0.114877	1.787683E+00
0.11501	1.788152E+00
0.115142	1.788610E+00
0.115275	1.789060E+00
0.115407	1.789502E+00
0.11554	1.789939E+00
0.115672	1.790365E+00
0.115805	1.790783E+00
0.115937	1.791193E+00
0.11607	1.791598E+00
0.116202	1.791993E+00
0.116335	1.792380E+00
0.116467	1.792759E+00
0.1166	1.793133E+00
0.116732	1.793496E+00
0.116865	1.793853E+00
0.116997	1.794201E+00
0.11713	1.794544E+00
0.117262	1.794878E+00
0.117395	1.795204E+00
0.117527	1.795524E+00
0.11766	1.795835E+00
0.117792	1.796139E+00
0.117925	1.796435E+00
0.118057	1.796726E+00
0.11819	1.797008E+00
0.118322	1.797283E+00
0.118455	1.797550E+00
0.118587	1.797811E+00
0.11872	1.798064E+00
0.118852	1.798310E+00
0.118985	1.798548E+00
0.119117	1.798781E+00
0.11925	1.799006E+00
0.119382	1.799223E+00
0.119515	1.799435E+00
0.119647	1.799638E+00
0.11978	1.799834E+00
0.119912	1.800024E+00
0.120045	1.800207E+00
0.120177	1.800383E+00
0.12031	1.800551E+00
0.120442	1.800713E+00
0.120575	1.800869E+00
0.120707	1.801017E+00
0.12084	1.801158E+00
0.120972	1.801292E+00
0.121105	1.801421E+00
0.121237	1.801542E+00
0.12137	1.801656E+00
0.121502	1.801764E+00
0.121635	1.801864E+00
0.121767	1.801958E+00
0.1219	1.802045E+00
0.122032	1.802127E+00
0.122165	1.802201E+00
0.122297	1.802268E+00
0.12243	1.802328E+00
0.122562	1.802383E+00
0.122695	1.802430E+00
0.122827	1.802471E+00
0.12296	1.802505E+00
0.123092	1.802533E+00
0.123225	1.802554E+00
0.123357	1.802569E+00
0.12349	1.802577E+00
0.123622	1.802579E+00
0.123755	1.802573E+00
0.123887	1.802562E+00
0.12402	1.802544E+00
0.124152	1.802519E+00
0.124285	1.802488E+00
0.124417	1.802450E+00
0.12455	1.802406E+00
0.124682	1.802355E+00
0.124815	1.802298E+00
0.124947	1.802234E+00
0.12508	1.802165E+00
0.125212	1.802088E+00
0.125345	1.802005E+00
0.125477	1.801915E+00
0.12561	1.801819E+00
0.125742	1.801717E+00
0.125875	1.801608E+00
0.126007	1.801492E+00
0.12614	1.801371E+00
0.126272	1.801242E+00
0.126405	1.801107E+00
0.126537	1.800966E+00
0.12667	1.800818E+00
0.126802	1.800664E+00
0.126935	1.800503E+00
0.127067	1.800336E+00
0.1272	1.800162E+00
0.127332	1.799982E+00
0.127465	1.799795E+00
0.127597	1.799602E+00
0.12773	1.799402E+00
0.127862	1.799196E+00
0.127995	1.798984E+00
0.128127	1.798764E+00
0.12826	1.798538E+00
0.128392	1.798306E+00
0.128525	1.798067E+00
0.128657	1.797821E+00
0.12879	1.797570E+00
0.128922	1.797311E+00
0.129055	1.797046E+00
0.129187	1.796774E+00
0.12932	1.796496E+00
0.129452	1.796211E+00
0.129585	1.795919E+00
0.129717	1.795621E+00
0.12985	1.795316E+00
0.129982	1.795005E+00
0.130115	1.794686E+00
0.130247	1.794361E+00
0.13038	1.794030E+00
0.130512	1.793691E+00
0.130645	1.793346E+00
0.130777	1.792994E+00
0.13091	1.792636E+00
0.131042	1.792270E+00
0.131175	1.791898E+00
0.131307	1.791519E+00
0.13144	1.791134E+00
0.131572	1.790740E+00
0.131705	1.790341E+00
0.131837	1.789935E+00
0.13197	1.789522E+00
0.132102	1.789101E+00
0.132235	1.788674E+00
0.132367	1.788240E+00
0.1325	1.787798E+00
0.132632	1.787350E+00
0.132765	1.786895E+00
0.132897	1.786433E+00
0.13303	1.785963E+00
0.133162	1.785487E+00
0.133295	1.785003E+00
0.133427	1.784513E+00
0.13356	1.784014E+00
0.133692	1.783509E+00
0.133825	1.782997E+00
0.133957	1.782478E+00
0.13409	1.781950E+00
0.134222	1.781416E+00
0.134355	1.780875E+00
0.134487	1.780327E+00
0.13462	1.779769E+00
0.134752	1.779206E+00
0.134885	1.778636E+00
0.135017	1.778056E+00
0.13515	1.777470E+00
0.135282	1.776877E+00
0.135415	1.776276E+00
0.135547	1.775666E+00
0.13568	1.775050E+00
0.135812	1.774427E+00
0.135945	1.773795E+00
0.136077	1.773154E+00
0.13621	1.772508E+00
0.136342	1.771853E+00
0.136475	1.771191E+00
0.136607	1.770519E+00
0.13674	1.769841E+00
0.136872	1.769155E+00
0.137005	1.768458E+00
0.137137	1.767756E+00
0.13727	1.767046E+00
0.137402	1.766328E+00
0.137535	1.765600E+00
0.137667	1.764865E+00
0.1378	1.764123E+00
0.137932	1.763372E+00
0.138065	1.762610E+00
0.138197	1.761843E+00
0.13833	1.761067E+00
0.138462	1.760283E+00
0.138595	1.759488E+00
0.138727	1.758687E+00
0.13886	1.757877E+00
0.138992	1.757059E+00
0.139125	1.756229E+00
0.139257	1.755394E+00
0.13939	1.754550E+00
0.139522	1.753694E+00
0.139655	1.752832E+00
0.139787	1.751962E+00
0.13992	1.751082E+00
0.140052	1.750191E+00
0.140185	1.749294E+00
0.140317	1.748387E+00
0.14045	1.747472E+00
0.140582	1.746544E+00
0.140715	1.745610E+00
0.140847	1.744667E+00
0.14098	1.743715E+00
0.141112	1.742750E+00
0.141245	1.741779E+00
0.141377	1.740798E+00
0.14151	1.739805E+00
0.141642	1.738806E+00
0.141775	1.737796E+00
0.141907	1.736778E+00
0.14204	1.735746E+00
0.142172	1.734707E+00
0.142305	1.733659E+00
0.142437	1.732601E+00
0.14257	1.731530E+00
0.142702	1.730452E+00
0.142835	1.729364E+00
0.142967	1.728266E+00
0.1431	1.727154E+00
0.143232	1.726036E+00
0.143365	1.724907E+00
0.143497	1.723768E+00
0.14363	1.722615E+00
0.143762	1.721455E+00
0.143895	1.720284E+00
0.144027	1.719099E+00
0.14416	1.717908E+00
0.144292	1.716705E+00
0.144425	1.715492E+00
0.144557	1.714264E+00
0.14469	1.713029E+00
0.144822	1.711783E+00
0.144955	1.710526E+00
0.145087	1.709254E+00
0.14522	1.707974E+00
0.145352	1.706684E+00
0.145485	1.705382E+00
0.145617	1.704065E+00
0.14575	1.702740E+00
0.145882	1.701404E+00
0.146015	1.700052E+00
0.146147	1.698692E+00
0.14628	1.697321E+00
0.146412	1.695939E+00
0.146545	1.694539E+00
0.146677	1.693133E+00
0.14681	1.691714E+00
0.146942	1.690283E+00
0.147075	1.688836E+00
0.147207	1.687381E+00
0.14734	1.685913E+00
0.147472	1.684434E+00
0.147605	1.682937E+00
0.147737	1.681432E+00
0.14787	1.679915E+00
0.148002	1.678380E+00
0.148135	1.676837E+00
0.148267	1.675282E+00
0.1484	1.673714E+00
0.148532	1.672127E+00
0.148665	1.670533E+00
0.148797	1.668925E+00
0.14893	1.667305E+00
0.149062	1.665666E+00
0.149195	1.664018E+00
0.149327	1.662358E+00
0.14946	1.660683E+00
0.149592	1.658990E+00
0.149725	1.657289E+00
0.149857	1.655574E+00
0.14999	1.653844E+00
0.150122	1.652096E+00
0.150255	1.650339E+00
0.150387	1.648568E+00
0.15052	1.646777E+00
0.150652	1.644978E+00
0.150785	1.643164E+00
0.150917	1.641336E+00
0.15105	1.639488E+00
0.151182	1.637631E+00
0.151315	1.635759E+00
0.151447	1.633873E+00
0.15158	1.631966E+00
0.151712	1.630050E+00
0.151845	1.628118E+00
0.151977	1.626172E+00
0.15211	1.624205E+00
0.152242	1.622229E+00
0.152375	1.620237E+00
0.152507	1.618224E+00
0.15264	1.616201E+00
0.152772	1.614163E+00
0.152905	1.612109E+00
0.153037	1.610034E+00
0.15317	1.607948E+00
0.153302	1.605847E+00
0.153435	1.603730E+00
0.153567	1.601591E+00
0.1537	1.599441E+00
0.153832	1.597276E+00
0.153965	1.595094E+00
0.154097	1.592890E+00
0.15423	1.590675E+00
0.154362	1.588444E+00
0.154495	1.586196E+00
0.154627	1.583926E+00
0.15476	1.581644E+00
0.154892	1.579346E+00
0.155025	1.577025E+00
0.155157	1.574693E+00
0.15529	1.572344E+00
0.155422	1.569977E+00
0.155555	1.567588E+00
0.155687	1.565187E+00
0.15582	1.562768E+00
0.155952	1.560332E+00
0.156085	1.557873E+00
0.156217	1.555402E+00
0.15635	1.552913E+00
0.156482	1.550406E+00
0.156615	1.547876E+00
0.156747	1.545334E+00
0.15688	1.542773E+00
0.157012	1.540189E+00
0.157145	1.537592E+00
0.157277	1.534977E+00
0.15741	1.532344E+00
0.157542	1.529686E+00
0.157675	1.527016E+00
0.157807	1.524327E+00
0.15794	1.521620E+00
0.158072	1.518889E+00
0.158205	1.516144E+00
0.158337	1.513380E+00
0.15847	1.510598E+00
0.158602	1.507792E+00
0.158735	1.504971E+00
0.158867	1.502132E+00
0.159	1.499268E+00
0.159132	1.496391E+00
0.159265	1.493494E+00
0.159397	1.490578E+00
0.15953	1.487638E+00
0.159662	1.484683E+00
0.159795	1.481709E+00
0.159927	1.478715E+00
0.16006	1.475697E+00
0.160192	1.472664E+00
0.160325	1.469611E+00
0.160457	1.466539E+00
0.16059	1.463443E+00
0.160722	1.460331E+00
0.160855	1.457200E+00
0.160987	1.454048E+00
0.16112	1.450873E+00
0.161252	1.447681E+00
0.161385	1.444470E+00
0.161517	1.441235E+00
0.16165	1.437984E+00
0.161782	1.434712E+00
0.161915	1.431421E+00
0.162047	1.428106E+00
0.16218	1.424774E+00
0.162312	1.421422E+00
0.162445	1.418050E+00
0.162577	1.414654E+00
0.16271	1.411242E+00
0.162842	1.407809E+00
0.162975	1.404356E+00
0.163107	1.400880E+00
0.16324	1.397386E+00
0.163372	1.393872E+00
0.163505	1.390335E+00
0.163637	1.386781E+00
0.16377	1.383206E+00
0.163902	1.379611E+00
0.164035	1.375994E+00
0.164167	1.372358E+00
0.1643	1.368702E+00
0.164432	1.365026E+00
0.164565	1.361328E+00
0.164697	1.357612E+00
0.16483	1.353875E+00
0.164962	1.350118E+00
0.165095	1.346340E+00
0.165227	1.342543E+00
0.16536	1.338725E+00
0.165492	1.334888E+00
0.165625	1.331030E+00
0.165757	1.327153E+00
0.16589	1.323255E+00
0.166022	1.319338E+00
0.166155	1.315401E+00
0.166287	1.311444E+00
0.16642	1.307468E+00
0.166552	1.303472E+00
0.166685	1.299456E+00
0.166817	1.295421E+00
0.16695	1.291366E+00
0.167082	1.287293E+00
0.167215	1.283199E+00
0.167347	1.279086E+00
0.16748	1.274954E+00
0.167612	1.270804E+00
0.167745	1.266634E+00
0.167877	1.262446E+00
0.16801	1.258239E+00
0.168142	1.254013E+00
0.168275	1.249768E+00
0.168407	1.245504E+00
0.16854	1.241224E+00
0.168672	1.236923E+00
0.168805	1.232605E+00
0.168937	1.228268E+00
0.16907	1.223916E+00
0.169202	1.219543E+00
0.169335	1.215153E+00
0.169467	1.210745E+00
0.1696	1.206323E+00
0.169732	1.201880E+00
0.169865	1.197421E+00
0.169997	1.192944E+00
0.17013	1.188454E+00
0.170262	1.183943E+00
0.170395	1.179416E+00
0.170527	1.174877E+00
0.17066	1.170317E+00
0.170792	1.165741E+00
0.170925	1.161149E+00
0.171057	1.156547E+00
0.17119	1.151923E+00
0.171322	1.147285E+00
0.171455	1.142631E+00
0.171587	1.137968E+00
0.17172	1.133284E+00
0.171852	1.128585E+00
0.171985	1.123872E+00
0.172117	1.119151E+00
0.17225	1.114410E+00
0.172382	1.109655E+00
0.172515	1.104893E+00
0.172647	1.100111E+00
0.17278	1.095315E+00
0.172912	1.090507E+00
0.173045	1.085693E+00
0.173177	1.080859E+00
0.17331	1.076013E+00
0.173442	1.071154E+00
0.173575	1.066292E+00
0.173707	1.061410E+00
0.17384	1.056517E+00
0.173972	1.051613E+00
0.174105	1.046706E+00
0.174237	1.041780E+00
0.17437	1.036844E+00
0.174502	1.031906E+00
0.174635	1.026950E+00
0.174767	1.021984E+00
0.1749	1.017009E+00
0.175032	1.012034E+00
0.175165	1.007040E+00
0.175297	1.002039E+00
0.17543	9.970283E-01
0.175562	9.920200E-01
0.175695	9.869941E-01
0.175827	9.819608E-01
0.17596	9.769202E-01
0.176092	9.718830E-01
0.176225	9.668289E-01
0.176357	9.617686E-01
0.17649	9.567020E-01
0.176622	9.516406E-01
0.176755	9.465631E-01
0.176887	9.414803E-01
0.17702	9.364038E-01
0.177152	9.313115E-01
0.177285	9.262151E-01
0.177417	9.211147E-01
0.17755	9.160220E-01
0.177682	9.109146E-01
0.177815	9.058042E-01
0.177947	9.006910E-01
0.17808	8.955870E-01
0.178212	8.904693E-01
0.178345	8.853498E-01
0.178477	8.802287E-01
0.17861	8.751182E-01
0.178742	8.699952E-01
0.178875	8.648717E-01
0.179007	8.597597E-01
0.17914	8.546357E-01
0.179272	8.495124E-01
0.179405	8.443896E-01
0.179537	8.392798E-01
0.17967	8.341593E-01
0.179802	8.290406E-01
0.179935	8.239237E-01
0.180067	8.188211E-01
0.1802	8.137091E-01
0.180332	8.086000E-01
0.180465	8.034940E-01
0.180597	7.984035E-01
0.18073	7.933050E-01
0.180862	7.882106E-01
0.180995	7.831204E-01
0.181127	7.780471E-01
0.18126	7.729670E-01
0.181392	7.678923E-01
0.181525	7.628348E-01
0.181657	7.577716E-01
0.18179	7.527149E-01
0.181922	7.476646E-01
0.182055	7.426327E-01
0.182187	7.375965E-01
0.18232	7.325680E-01
0.182452	7.275470E-01
0.182585	7.225454E-01
0.182717	7.175410E-01
0.18285	7.125454E-01
0.182982	7.075584E-01
0.183115	7.025919E-01
0.183247	6.976239E-01
0.18338	6.926658E-01
0.183512	6.877282E-01
0.183645	6.827904E-01
0.183777	6.778634E-01
0.18391	6.729473E-01
0.184042	6.680524E-01
0.184175	6.631590E-01
0.184307	6.582773E-01
0.18444	6.534075E-01
0.184572	6.485596E-01
0.184705	6.437147E-01
0.184837	6.388826E-01
0.18497	6.340633E-01
0.185102	6.292666E-01
0.185235	6.244742E-01
0.185367	6.196957E-01
0.1855	6.149396E-01
0.185632	6.101892E-01
0.185765	6.054534E-01
0.185897	6.007322E-01
0.18603	5.960339E-01
0.186162	5.913427E-01
0.186295	5.866671E-01
0.186427	5.820069E-01
0.18656	5.773700E-01
0.186692	5.727417E-01
0.186825	5.681297E-01
0.186957	5.635340E-01
0.18709	5.589617E-01
0.187222	5.543996E-01
0.187355	5.498544E-01
0.187487	5.453263E-01
0.18762	5.408219E-01
0.187752	5.363290E-01
0.187885	5.318538E-01
0.188017	5.274019E-01
0.18815	5.229627E-01
0.188282	5.185418E-01
0.188415	5.141393E-01
0.188547	5.097601E-01
0.18868	5.053949E-01
0.188812	5.010487E-01
0.188945	4.967214E-01
0.189077	4.924175E-01
0.18921	4.881288E-01
0.189342	4.838596E-01
0.189475	4.796099E-01
0.189607	4.753835E-01
0.18974	4.711735E-01
0.189872	4.669835E-01
0.190005	4.628162E-01
0.190137	4.586665E-01
0.19027	4.545372E-01
0.190402	4.504282E-01
0.190535	4.463418E-01
0.190667	4.422741E-01
0.1908	4.382271E-01
0.190932	4.342009E-01
0.191065	4.301970E-01
0.191197	4.262128E-01
0.19133	4.222497E-01
0.191462	4.183076E-01
0.191595	4.143877E-01
0.191727	4.104883E-01
0.19186	4.066103E-01
0.191992	4.027536E-01
0.192125	3.989189E-01
0.192257	3.951054E-01
0.19239	3.913136E-01
0.192522	3.875431E-01
0.192655	3.837947E-01
0.192787	3.800681E-01
0.19292	3.763633E-01
0.193052	3.726795E-01
0.193185	3.690185E-01
0.193317	3.653795E-01
0.19345	3.617623E-01
0.193582	3.581658E-01
0.193715	3.545928E-01
0.193847	3.510419E-01
0.19398	3.475129E-01
0.194112	3.440042E-01
0.194245	3.405195E-01
0.194377	3.370569E-01
0.19451	3.336141E-01
0.194642	3.301958E-01
0.194775	3.267996E-01
0.194907	3.234256E-01
0.19504	3.200709E-01
0.195172	3.167413E-01
0.195305	3.134337E-01
0.195437	3.101482E-01
0.19557	3.068818E-01
0.195702	3.036406E-01
0.195835	3.004215E-01
0.195967	2.972245E-01
0.1961	2.940461E-01
0.196232	2.908933E-01
0.196365	2.877624E-01
0.196497	2.846536E-01
0.19663	2.815630E-01
0.196762	2.784981E-01
0.196895	2.754552E-01
0.197027	2.724300E-01
0.19716	2.694310E-01
0.197292	2.664537E-01
0.197425	2.634982E-01
0.197557	2.605602E-01
0.19769	2.576482E-01
0.197822	2.547580E-01
0.197955	2.518893E-01
0.198087	2.490379E-01
0.19822	2.462125E-01
0.198352	2.434086E-01
0.198485	2.406263E-01
0.198617	2.378607E-01
0.19875	2.351212E-01
0.198882	2.324030E-01
0.199015	2.297013E-01
0.199147	2.270258E-01
0.19928	2.243714E-01
0.199412	2.217382E-01
0.199545	2.191210E-01
0.199677	2.165300E-01
0.19981	2.139600E-01
0.199942	2.114108E-01
0.200075	2.088775E-01
0.200207	2.063702E-01
0.20034	2.038836E-01
0.200472	2.014176E-01
0.200605	1.989673E-01
0.200737	1.965427E-01
0.20087	1.941386E-01
0.201002	1.917496E-01
0.201135	1.893866E-01
0.201267	1.870438E-01
0.2014	1.847212E-01
0.201532	1.824136E-01
0.201665	1.801316E-01
0.201797	1.778696E-01
0.20193	1.756277E-01
0.202062	1.734004E-01
0.202195	1.711984E-01
0.202327	1.690162E-01
0.20246	1.668539E-01
0.202592	1.647058E-01
0.202725	1.625829E-01
0.202857	1.604795E-01
0.20299	1.583956E-01
0.203122	1.563258E-01
0.203255	1.542808E-01
0.203387	1.522550E-01
0.20352	1.502431E-01
0.203652	1.482559E-01
0.203785	1.462877E-01
0.203917	1.443386E-01
0.20405	1.424029E-01
0.204182	1.404917E-01
0.204315	1.385993E-01
0.204447	1.367256E-01
0.20458	1.348650E-01
0.204712	1.330287E-01
0.204845	1.312108E-01
0.204977	1.294114E-01
0.20511	1.276247E-01
0.205242	1.258620E-01
0.205375	1.241175E-01
0.205507	1.223853E-01
0.20564	1.206772E-01
0.205772	1.189869E-01
0.205905	1.173145E-01
0.206037	1.156541E-01
0.20617	1.140174E-01
0.206302	1.123982E-01
0.206435	1.107967E-01
0.206567	1.092067E-01
0.2067	1.076401E-01
0.206832	1.060908E-01
0.206965	1.045588E-01
0.207097	1.030378E-01
0.20723	1.015400E-01
0.207362	1.000592E-01
0.207495	9.859527E-02
0.207627	9.714192E-02
0.20776	9.571150E-02
0.207892	9.429767E-02
0.208025	9.289398E-02
0.208157	9.151321E-02
0.20829	9.014868E-02
0.208422	8.880038E-02
0.208555	8.746173E-02
0.208687	8.614568E-02
0.20882	8.484550E-02
0.208952	8.356119E-02
0.209085	8.228599E-02
0.209217	8.103308E-02
0.20935	7.979565E-02
0.209482	7.857371E-02
0.209615	7.736031E-02
0.209747	7.616890E-02
0.20988	7.499257E-02
0.210012	7.382433E-02
0.210145	7.267803E-02
0.210277	7.154641E-02
0.21041	7.042946E-02
0.210542	6.932006E-02
0.210675	6.823222E-02
0.210807	6.715863E-02
0.21094	6.609928E-02
0.211072	6.504694E-02
0.211205	6.401574E-02
0.211337	6.299836E-02
0.21147	6.199479E-02
0.211602	6.099766E-02
0.211735	6.002126E-02
0.211867	5.905822E-02
0.212	5.810118E-02
0.212132	5.716475E-02
0.212265	5.624125E-02
0.212397	5.533066E-02
0.21253	5.442558E-02
0.212662	5.354058E-02
0.212795	5.266804E-02
0.212927	5.180796E-02
0.21306	5.095290E-02
0.213192	5.011739E-02
0.213325	4.929387E-02
0.213457	4.848234E-02
0.21359	4.767534E-02
0.213722	4.688733E-02
0.213855	4.611086E-02
0.213987	4.534591E-02
0.21412	4.458500E-02
0.214252	4.384253E-02
0.214385	4.311112E-02
0.214517	4.238348E-02
0.21465	4.167398E-02
0.214782	4.097507E-02
0.214915	4.028676E-02
0.215047	3.960183E-02
0.21518	3.893439E-02
0.215312	3.827708E-02
0.215445	3.762990E-02
0.215577	3.698573E-02
0.21571	3.635840E-02
0.215842	3.574074E-02
0.215975	3.513276E-02
0.216107	3.452742E-02
0.21624	3.393827E-02
0.216372	3.335835E-02
0.216505	3.278088E-02
0.216637	3.221924E-02
0.21677	3.166639E-02
0.216902	3.112232E-02
0.217035	3.058044E-02
0.217167	3.005368E-02
0.2173	2.953528E-02
0.217432	2.902523E-02
0.217565	2.851711E-02
0.217697	2.802341E-02
0.21783	2.753765E-02
0.217962	2.705983E-02
0.218095	2.658368E-02
0.218227	2.612129E-02
0.21836	2.566643E-02
0.218492	2.521910E-02
0.218625	2.477318E-02
0.218757	2.434038E-02
0.21889	2.391473E-02
0.219022	2.349044E-02
0.219155	2.307884E-02
0.219287	2.267400E-02
0.21942	2.227591E-02
0.219552	2.187902E-02
0.219685	2.149415E-02
0.219817	2.111567E-02
0.21995	2.074358E-02
0.220082	2.037251E-02
0.220215	2.001284E-02
0.220347	1.965919E-02
0.22048	1.931159E-02
0.220612	1.896483E-02
0.220745	1.862887E-02
0.220877	1.829861E-02
0.22101	1.796918E-02
0.221142	1.765016E-02
0.221275	1.733651E-02
0.221407	1.702822E-02
0.22154	1.672067E-02
0.221672	1.642292E-02
0.221805	1.613022E-02
0.221937	1.584259E-02
0.22207	1.555558E-02
0.222202	1.527780E-02
0.222335	1.500479E-02
0.222467	1.473654E-02
0.2226	1.446880E-02
0.222732	1.420976E-02
0.222865	1.395520E-02
0.222997	1.370513E-02
0.22313	1.345545E-02
0.223262	1.321398E-02
0.223395	1.297673E-02
0.223527	1.273991E-02
0.22366	1.251093E-02
0.223792	1.228592E-02
0.223925	1.206487E-02
0.224057	1.184419E-02
0.22419	1.163087E-02
0.224322	1.142127E-02
0.224455	1.121539E-02
0.224587	1.100980E-02
0.22472	1.081112E-02
0.224852	1.061594E-02
0.224985	1.042424E-02
0.225117	1.023277E-02
0.22525	1.004779E-02
0.225382	9.866083E-03
0.225515	9.684630E-03
0.225647	9.509371E-03
0.22578	9.337186E-03
0.225912	9.168075E-03
0.226045	8.999178E-03
0.226177	8.836069E-03
0.22631	8.675840E-03
0.226442	8.518492E-03
0.226575	8.361315E-03
0.226707	8.209550E-03
0.22684	8.060484E-03
0.226972	7.914116E-03
0.227105	7.767873E-03
0.227237	7.626696E-03
0.22737	7.488047E-03
0.227502	7.349542E-03
0.227635	7.215877E-03
0.227767	7.084578E-03
0.2279	6.955645E-03
0.228032	6.826836E-03
0.228165	6.702534E-03
0.228297	6.580446E-03
0.22843	6.460572E-03
0.228562	6.340796E-03
0.228695	6.225223E-03
0.228827	6.111721E-03
0.22896	6.000290E-03
0.229092	5.888929E-03
0.229225	5.781490E-03
0.229357	5.675989E-03
0.22949	5.572425E-03
0.229622	5.468897E-03
0.229755	5.369037E-03
0.229887	5.270989E-03
0.23002	5.173010E-03
0.230152	5.078516E-03
0.230285	4.985714E-03
0.230417	4.894605E-03
0.23055	4.803552E-03
0.230682	4.715739E-03
0.230815	4.629509E-03
0.230947	4.544860E-03
0.23108	4.460250E-03
0.231212	4.378658E-03
0.231345	4.298544E-03
0.231477	4.219907E-03
0.23161	4.141289E-03
0.231742	4.065486E-03
0.231875	3.991064E-03
0.232007	3.916681E-03
0.23214	3.844975E-03
0.232272	3.774559E-03
0.232405	3.705432E-03
0.232537	3.636337E-03
0.23267	3.569728E-03
0.232802	3.504322E-03
0.232935	3.440120E-03
0.233067	3.375940E-03
0.2332	3.314071E-03
0.233332	3.253326E-03
0.233465	3.193704E-03
0.233597	3.134092E-03
0.23373	3.076631E-03
0.233862	3.020219E-03
0.233995	2.964856E-03
0.234127	2.909488E-03
0.23426	2.856126E-03
0.234392	2.803743E-03
0.234525	2.751379E-03
0.234657	2.700914E-03
0.23479	2.651362E-03
0.234922	2.602725E-03
0.235055	2.554100E-03
0.235187	2.507238E-03
0.23532	2.461229E-03
0.235452	2.416072E-03
0.235585	2.370921E-03
0.235717	2.327408E-03
0.23585	2.284691E-03
0.235982	2.242769E-03
0.236115	2.200843E-03
0.236247	2.160443E-03
0.23638	2.120785E-03
0.236512	2.081138E-03
0.236645	2.042939E-03
0.236777	2.005431E-03
0.23691	1.968616E-03
0.237042	1.931809E-03
0.237175	1.896344E-03
0.237307	1.861524E-03
0.23744	1.827350E-03
0.237572	1.793179E-03
0.237705	1.760255E-03
0.237837	1.727932E-03
0.23797	1.696212E-03
0.238102	1.664489E-03
0.238235	1.633924E-03
0.238367	1.603922E-03
0.2385	1.573925E-03
0.238632	1.545030E-03
0.238765	1.516658E-03
0.238897	1.488811E-03
0.23903	1.460968E-03
0.239162	1.434145E-03
0.239295	1.407811E-03
0.239427	1.381965E-03
0.23956	1.356122E-03
0.239692	1.331224E-03
0.239825	1.306782E-03
0.239957	1.282795E-03
0.24009	1.258808E-03
0.240222	1.235698E-03
0.240355	1.213014E-03
0.240487	1.190754E-03
0.24062	1.168488E-03
0.240752	1.147040E-03
0.240885	1.125988E-03
0.241017	1.104940E-03
0.24115	1.084665E-03
0.241282	1.064760E-03
0.241415	1.045224E-03
0.241547	1.025690E-03
0.24168	1.006874E-03
0.241812	9.884016E-04
0.241945	9.702738E-04
0.242077	9.521464E-04
0.24221	9.346841E-04
0.242342	9.175429E-04
0.242475	9.007230E-04
0.242607	8.839003E-04
0.24274	8.676959E-04
0.242872	8.517910E-04
0.243005	8.358891E-04
0.243137	8.205738E-04
0.24327	8.055378E-04
0.243402	7.907811E-04
0.243535	7.760269E-04
0.243667	7.618158E-04
0.2438	7.478650E-04
0.243932	7.341747E-04
0.244065	7.204856E-04
0.244197	7.073001E-04
0.24433	6.943573E-04
0.244462	6.816574E-04
0.244595	6.689569E-04
0.244727	6.567240E-04
0.24486	6.447175E-04
0.244992	6.329376E-04
0.245125	6.211545E-04
0.245257	6.098066E-04
0.24539	5.986698E-04
0.245522	5.875357E-04
0.245655	5.768129E-04
0.245787	5.662871E-04
0.24592	5.559582E-04
0.246052	5.456314E-04
0.246185	5.356856E-04
0.246317	5.259235E-04
0.24645	5.163452E-04
0.246582	5.067677E-04
0.246715	4.975439E-04
0.246847	4.884914E-04
0.24698	4.796103E-04
0.247112	4.707286E-04
0.247245	4.621756E-04
0.247377	4.537824E-04
0.24751	4.453922E-04
0.247642	4.373135E-04
0.247775	4.293839E-04
0.247907	4.216034E-04
0.24804	4.138258E-04
0.248172	4.063364E-04
0.248305	3.989862E-04
0.248437	3.917753E-04
0.24857	3.845665E-04
0.248702	3.776250E-04
0.248835	3.708135E-04
0.248967	3.641318E-04
0.2491	3.574514E-04
0.249232	3.510194E-04
0.249365	3.447086E-04
0.249497	3.385190E-04
0.24963	3.323297E-04
0.249762	3.263713E-04
0.249895	3.205262E-04
0.250027	3.146847E-04
0.25016	3.090613E-04
0.250292	3.035436E-04
0.250425	2.981317E-04
0.250557	2.927231E-04
0.25069	2.875166E-04
0.250822	2.824090E-04
0.250955	2.774001E-04
0.251087	2.723941E-04
0.25122	2.675757E-04
0.251352	2.628497E-04
0.251485	2.582159E-04
0.251617	2.535845E-04
0.25175	2.491274E-04
0.251882	2.447567E-04
0.252015	2.403905E-04
0.252147	2.361893E-04
0.25228	2.320689E-04
0.252412	2.280291E-04
0.252545	2.239941E-04
0.252677	2.201118E-04
0.25281	2.163050E-04
0.252942	2.125738E-04
0.253075	2.088471E-04
0.253207	2.052622E-04
0.25334	2.017480E-04
0.253472	1.983044E-04
0.253605	1.948653E-04
0.253737	1.915578E-04
0.25387	1.883165E-04
0.254002	1.850811E-04
0.254135	1.819706E-04
0.254267	1.789221E-04
0.2544	1.759358E-04
0.254532	1.729557E-04
0.254665	1.700911E-04
0.254797	1.672848E-04
0.25493	1.645368E-04
0.255062	1.617952E-04
0.255195	1.591607E-04
0.255327	1.565809E-04
0.25546	1.540559E-04
0.255592	1.515374E-04
0.255725	1.491183E-04
0.255857	1.467507E-04
0.25599	1.444346E-04
0.256122	1.421250E-04
0.256255	1.399079E-04
0.256387	1.377393E-04
0.25652	1.355788E-04
0.256652	1.335057E-04
0.256785	1.314783E-04
0.256917	1.294966E-04
0.25705	1.275235E-04
0.257182	1.256313E-04
0.257315	1.237822E-04
0.257447	1.219764E-04
0.25758	1.201796E-04
0.257712	1.184579E-04
0.257845	1.167770E-04
0.257977	1.151369E-04
0.25811	1.135063E-04
0.258242	1.119454E-04
0.258375	1.104233E-04
0.258507	1.089119E-04
0.25864	1.074664E-04
0.258772	1.060577E-04
0.258905	1.046859E-04
0.259037	1.033254E-04
0.25917	1.020261E-04
0.259302	1.007618E-04
0.259435	9.953259E-05
0.259567	9.831554E-05
0.2597	9.715510E-05
0.259832	9.602817E-05
0.259965	9.493474E-05
0.260097	9.385422E-05
0.26023	9.282626E-05
0.260362	9.183041E-05
0.260495	9.086665E-05
0.260627	8.991659E-05
0.26076	8.901541E-05
0.260892	8.814508E-05
0.261025	8.728987E-05
0.261157	8.648068E-05
0.26129	8.570126E-05
0.261422	8.495160E-05
0.261555	8.421812E-05
0.261687	8.352730E-05
0.26182	8.286531E-05
0.261952	8.223212E-05
0.262085	8.161617E-05
0.262217	8.103989E-05
0.26235	8.049162E-05
0.262482	7.997136E-05
0.262615	7.946936E-05
0.262747	7.900441E-05
0.26288	7.856679E-05
0.263012	7.814894E-05
0.263145	7.776592E-05
0.263277	7.740971E-05
0.26341	7.708032E-05
0.263542	7.678191E-05
0.263675	7.650638E-05
0.263807	7.625709E-05
0.26394	7.603405E-05
0.264072	7.584395E-05
0.264205	7.567262E-05
0.264337	7.552764E-05
0.26447	7.540902E-05
0.264602	7.532113E-05
0.264735	7.525468E-05
0.264867	7.521481E-05
0.265	7.520152E-05
