-1	0.00
-0.998	6.313968E-01
-0.996	6.314347E-01
-0.994	6.316267E-01
-0.992	6.318512E-01
-0.99	6.321210E-01
-0.988	6.324310E-01
-0.986	6.327831E-01
-0.984	6.331752E-01
-0.982	6.336108E-01
-0.98	6.340859E-01
-0.978	6.346097E-01
-0.976	6.351676E-01
-0.974	6.357688E-01
-0.972	6.364075E-01
-0.97	6.370885E-01
-0.968	6.378104E-01
-0.966	6.385710E-01
-0.964	6.393734E-01
-0.962	6.402109E-01
-0.96	6.410948E-01
-0.958	6.420157E-01
-0.956	6.429793E-01
-0.954	6.439818E-01
-0.952	6.450203E-01
-0.95	6.461040E-01
-0.948	6.472146E-01
-0.946	6.483730E-01
-0.944	6.495544E-01
-0.942	6.507858E-01
-0.94	6.520446E-01
-0.938	6.533578E-01
-0.936	6.546939E-01
-0.934	6.560798E-01
-0.932	6.574895E-01
-0.93	6.589500E-01
-0.928	6.604357E-01
-0.926	6.619683E-01
-0.924	6.635227E-01
-0.922	6.651224E-01
-0.92	6.667403E-01
-0.918	6.684058E-01
-0.916	6.700964E-01
-0.914	6.718427E-01
-0.912	6.736144E-01
-0.91	6.754392E-01
-0.908	6.772774E-01
-0.906	6.791565E-01
-0.904	6.810431E-01
-0.902	6.829656E-01
-0.9	6.849102E-01
-0.898	6.869034E-01
-0.896	6.889234E-01
-0.894	6.909944E-01
-0.892	6.930655E-01
-0.89	6.951703E-01
-0.888	6.972853E-01
-0.886	6.994557E-01
-0.884	7.016376E-01
-0.882	7.038705E-01
-0.88	7.060982E-01
-0.878	7.083671E-01
-0.876	7.106471E-01
-0.874	7.129755E-01
-0.872	7.153076E-01
-0.87	7.176710E-01
-0.868	7.200429E-01
-0.866	7.224485E-01
-0.864	7.248608E-01
-0.862	7.273022E-01
-0.86	7.297473E-01
-0.858	7.322268E-01
-0.856	7.347060E-01
-0.854	7.372180E-01
-0.852	7.397261E-01
-0.85	7.422674E-01
-0.848	7.448052E-01
-0.846	7.473729E-01
-0.844	7.499335E-01
-0.842	7.525192E-01
-0.84	7.550991E-01
-0.838	7.577030E-01
-0.836	7.602994E-01
-0.834	7.629183E-01
-0.832	7.655276E-01
-0.83	7.681572E-01
-0.828	7.707753E-01
-0.826	7.734121E-01
-0.824	7.760345E-01
-0.822	7.786687E-01
-0.82	7.812873E-01
-0.818	7.839173E-01
-0.816	7.865273E-01
-0.814	7.891459E-01
-0.812	7.917431E-01
-0.81	7.943521E-01
-0.808	7.969388E-01
-0.806	7.995372E-01
-0.804	8.021117E-01
-0.802	8.046949E-01
-0.8	8.072532E-01
-0.798	8.098133E-01
-0.796	8.123453E-01
-0.794	8.148715E-01
-0.792	8.173680E-01
-0.79	8.198601E-01
-0.788	8.223251E-01
-0.786	8.247879E-01
-0.784	8.272173E-01
-0.782	8.296400E-01
-0.78	8.320263E-01
-0.778	8.344045E-01
-0.776	8.367518E-01
-0.774	8.390904E-01
-0.772	8.413948E-01
-0.77	8.436878E-01
-0.768	8.459453E-01
-0.766	8.481957E-01
-0.764	8.504106E-01
-0.762	8.526205E-01
-0.76	8.547901E-01
-0.758	8.569564E-01
-0.756	8.590837E-01
-0.754	8.612087E-01
-0.752	8.632970E-01
-0.75	8.653814E-01
-0.748	8.674344E-01
-0.746	8.694851E-01
-0.744	8.715095E-01
-0.742	8.735334E-01
-0.74	8.755391E-01
-0.738	8.775514E-01
-0.736	8.795485E-01
-0.734	8.815549E-01
-0.732	8.835557E-01
-0.73	8.855744E-01
-0.728	8.875952E-01
-0.726	8.896395E-01
-0.724	8.916975E-01
-0.722	8.937869E-01
-0.72	8.959025E-01
-0.718	8.980602E-01
-0.716	9.002579E-01
-0.714	9.025078E-01
-0.712	9.048162E-01
-0.71	9.071950E-01
-0.708	9.096457E-01
-0.706	9.121837E-01
-0.704	9.148112E-01
-0.702	9.175479E-01
-0.7	9.203980E-01
-0.698	9.233812E-01
-0.696	9.264992E-01
-0.694	9.297727E-01
-0.692	9.332004E-01
-0.69	9.368081E-01
-0.688	9.405970E-01
-0.686	9.446004E-01
-0.684	9.488094E-01
-0.682	9.532680E-01
-0.68	9.579596E-01
-0.678	9.629338E-01
-0.676	9.681764E-01
-0.674	9.737365E-01
-0.672	9.796011E-01
-0.67	9.858126E-01
-0.668	9.923733E-01
-0.666	9.993179E-01
-0.664	1.006653E+00
-0.662	1.014407E+00
-0.66	1.022591E+00
-0.658	1.031236E+00
-0.656	1.040346E+00
-0.654	1.049952E+00
-0.652	1.060063E+00
-0.65	1.070715E+00
-0.648	1.081916E+00
-0.646	1.093705E+00
-0.644	1.106094E+00
-0.642	1.119117E+00
-0.64	1.132787E+00
-0.638	1.147130E+00
-0.636	1.162159E+00
-0.634	1.177904E+00
-0.632	1.194380E+00
-0.63	1.211616E+00
-0.628	1.229632E+00
-0.626	1.248448E+00
-0.624	1.268087E+00
-0.622	1.288557E+00
-0.62	1.309888E+00
-0.618	1.332091E+00
-0.616	1.355198E+00
-0.614	1.379225E+00
-0.612	1.404187E+00
-0.61	1.430097E+00
-0.608	1.456978E+00
-0.606	1.484839E+00
-0.604	1.513705E+00
-0.602	1.543580E+00
-0.6	1.574489E+00
-0.598	1.606427E+00
-0.596	1.639429E+00
-0.594	1.673484E+00
-0.592	1.708619E+00
-0.59	1.744815E+00
-0.588	1.782114E+00
-0.586	1.820495E+00
-0.584	1.859979E+00
-0.582	1.900543E+00
-0.58	1.942225E+00
-0.578	1.984995E+00
-0.576	2.028876E+00
-0.574	2.073830E+00
-0.572	2.119895E+00
-0.57	2.167029E+00
-0.568	2.215256E+00
-0.566	2.264526E+00
-0.564	2.314880E+00
-0.562	2.366249E+00
-0.56	2.418683E+00
-0.558	2.472096E+00
-0.556	2.526547E+00
-0.554	2.581942E+00
-0.552	2.638343E+00
-0.55	2.695657E+00
-0.548	2.753931E+00
-0.546	2.813076E+00
-0.544	2.873137E+00
-0.542	2.934033E+00
-0.54	2.995797E+00
-0.538	3.058354E+00
-0.536	3.121729E+00
-0.534	3.185849E+00
-0.532	3.250745E+00
-0.53	3.316343E+00
-0.528	3.382667E+00
-0.526	3.449651E+00
-0.524	3.517321E+00
-0.522	3.585603E+00
-0.52	3.654534E+00
-0.518	3.724041E+00
-0.516	3.794151E+00
-0.514	3.864816E+00
-0.512	3.936052E+00
-0.51	4.007820E+00
-0.508	4.080136E+00
-0.506	4.152962E+00
-0.504	4.226314E+00
-0.502	4.300166E+00
-0.5	4.374532E+00
-0.498	4.449397E+00
-0.496	4.524775E+00
-0.494	4.600661E+00
-0.492	4.677063E+00
-0.49	4.753991E+00
-0.488	4.831447E+00
-0.486	4.909447E+00
-0.484	4.987996E+00
-0.482	5.067117E+00
-0.48	5.146818E+00
-0.478	5.227131E+00
-0.476	5.308062E+00
-0.474	5.389656E+00
-0.472	5.471908E+00
-0.47	5.554874E+00
-0.468	5.638553E+00
-0.466	5.723005E+00
-0.464	5.808235E+00
-0.462	5.894302E+00
-0.46	5.981214E+00
-0.458	6.069033E+00
-0.456	6.157769E+00
-0.454	6.247490E+00
-0.452	6.338211E+00
-0.45	6.429994E+00
-0.448	6.522870E+00
-0.446	6.616891E+00
-0.444	6.712100E+00
-0.442	6.808547E+00
-0.44	6.906277E+00
-0.438	7.005343E+00
-0.436	7.105790E+00
-0.434	7.207682E+00
-0.432	7.311060E+00
-0.43	7.415999E+00
-0.428	7.522529E+00
-0.426	7.630736E+00
-0.424	7.740645E+00
-0.422	7.852353E+00
-0.42	7.965880E+00
-0.418	8.081336E+00
-0.416	8.198736E+00
-0.414	8.318196E+00
-0.412	8.439729E+00
-0.41	8.563456E+00
-0.408	8.689394E+00
-0.406	8.817668E+00
-0.404	8.948300E+00
-0.402	9.081415E+00
-0.4	9.217036E+00
-0.398	9.355289E+00
-0.396	9.496211E+00
-0.394	9.639925E+00
-0.392	9.786471E+00
-0.39	9.935974E+00
-0.388	1.008848E+01
-0.386	1.024412E+01
-0.384	1.040295E+01
-0.382	1.056509E+01
-0.38	1.073061E+01
-0.378	1.089965E+01
-0.376	1.107227E+01
-0.374	1.124861E+01
-0.372	1.142873E+01
-0.37	1.161280E+01
-0.368	1.180087E+01
-0.366	1.199312E+01
-0.364	1.218961E+01
-0.362	1.239052E+01
-0.36	1.259592E+01
-0.358	1.280599E+01
-0.356	1.302082E+01
-0.354	1.324060E+01
-0.352	1.346541E+01
-0.35	1.369546E+01
-0.348	1.393083E+01
-0.346	1.417176E+01
-0.344	1.441832E+01
-0.342	1.467077E+01
-0.34	1.492918E+01
-0.338	1.519383E+01
-0.336	1.546480E+01
-0.334	1.574236E+01
-0.332	1.602664E+01
-0.33	1.631791E+01
-0.328	1.661629E+01
-0.326	1.692208E+01
-0.324	1.723542E+01
-0.322	1.755661E+01
-0.32	1.788582E+01
-0.318	1.822336E+01
-0.316	1.856939E+01
-0.314	1.892427E+01
-0.312	1.928818E+01
-0.31	1.966147E+01
-0.308	2.004434E+01
-0.306	2.043719E+01
-0.304	2.084022E+01
-0.302	2.125384E+01
-0.3	2.167830E+01
-0.298	2.211401E+01
-0.296	2.256123E+01
-0.294	2.302042E+01
-0.292	2.349187E+01
-0.29	2.397605E+01
-0.288	2.447327E+01
-0.286	2.498404E+01
-0.284	2.550869E+01
-0.282	2.604776E+01
-0.28	2.660162E+01
-0.278	2.717084E+01
-0.276	2.775582E+01
-0.274	2.835716E+01
-0.272	2.897530E+01
-0.27	2.961088E+01
-0.268	3.026436E+01
-0.266	3.093645E+01
-0.264	3.162764E+01
-0.262	3.233866E+01
-0.26	3.307006E+01
-0.258	3.382262E+01
-0.256	3.459694E+01
-0.254	3.539383E+01
-0.252	3.621394E+01
-0.25	3.705817E+01
-0.248	3.792718E+01
-0.246	3.882194E+01
-0.244	3.974317E+01
-0.242	4.069190E+01
-0.24	4.166891E+01
-0.238	4.267530E+01
-0.236	4.371190E+01
-0.234	4.477987E+01
-0.232	4.588014E+01
-0.23	4.701393E+01
-0.228	4.818221E+01
-0.226	4.938631E+01
-0.224	5.062727E+01
-0.222	5.190651E+01
-0.22	5.322513E+01
-0.218	5.458465E+01
-0.216	5.598623E+01
-0.214	5.743151E+01
-0.212	5.892172E+01
-0.21	6.045859E+01
-0.208	6.204345E+01
-0.206	6.367812E+01
-0.204	6.536402E+01
-0.202	6.710308E+01
-0.2	6.889680E+01
-0.198	7.074724E+01
-0.196	7.265598E+01
-0.194	7.462518E+01
-0.192	7.665651E+01
-0.19	7.875226E+01
-0.188	8.091417E+01
-0.186	8.314466E+01
-0.184	8.544554E+01
-0.182	8.781934E+01
-0.18	9.026797E+01
-0.178	9.279406E+01
-0.176	9.539959E+01
-0.174	9.808729E+01
-0.172	1.008592E+02
-0.17	1.037182E+02
-0.168	1.066662E+02
-0.166	1.097064E+02
-0.164	1.128407E+02
-0.162	1.160721E+02
-0.16	1.194028E+02
-0.158	1.228359E+02
-0.156	1.263734E+02
-0.154	1.300184E+02
-0.152	1.337729E+02
-0.15	1.376401E+02
-0.148	1.416219E+02
-0.146	1.457213E+02
-0.144	1.499402E+02
-0.142	1.542816E+02
-0.14	1.587471E+02
-0.138	1.633396E+02
-0.136	1.680605E+02
-0.134	1.729124E+02
-0.132	1.778965E+02
-0.13	1.830153E+02
-0.128	1.882695E+02
-0.126	1.936611E+02
-0.124	1.991906E+02
-0.122	2.048596E+02
-0.12	2.106682E+02
-0.118	2.166172E+02
-0.116	2.227062E+02
-0.114	2.289356E+02
-0.112	2.353042E+02
-0.11	2.418117E+02
-0.108	2.484563E+02
-0.106	2.552368E+02
-0.104	2.621506E+02
-0.102	2.691956E+02
-0.1	2.763682E+02
-0.098	2.836655E+02
-0.096	2.910829E+02
-0.094	2.986163E+02
-0.092	3.062602E+02
-0.09	3.140092E+02
-0.088	3.218568E+02
-0.086	3.297965E+02
-0.084	3.378206E+02
-0.082	3.459212E+02
-0.08	3.540896E+02
-0.078	3.623166E+02
-0.076	3.705925E+02
-0.074	3.789067E+02
-0.072	3.872483E+02
-0.07	3.956056E+02
-0.068	4.039667E+02
-0.066	4.123186E+02
-0.064	4.206487E+02
-0.062	4.289427E+02
-0.06	4.371872E+02
-0.058	4.453671E+02
-0.056	4.534683E+02
-0.054	4.614748E+02
-0.052	4.693721E+02
-0.05	4.771437E+02
-0.048	4.847748E+02
-0.046	4.922484E+02
-0.044	4.995498E+02
-0.042	5.066619E+02
-0.04	5.135702E+02
-0.038	5.202576E+02
-0.036	5.267102E+02
-0.034	5.329113E+02
-0.032	5.388478E+02
-0.03	5.445035E+02
-0.028	5.498664E+02
-0.026	5.549214E+02
-0.024	5.596574E+02
-0.022	5.640608E+02
-0.02	5.681219E+02
-0.018	5.718284E+02
-0.016	5.751725E+02
-0.014	5.781436E+02
-0.012	5.807355E+02
-0.01	5.829396E+02
-0.008	5.847518E+02
-0.006	5.861654E+02
-0.004	5.871784E+02
-0.002	5.877862E+02
0	5.879891E+02
0.002	5.877846E+02
0.004	5.871750E+02
0.006	5.861604E+02
0.008	5.847450E+02
0.01	5.829312E+02
0.012	5.807253E+02
0.014	5.781318E+02
0.016	5.751589E+02
0.018	5.718133E+02
0.02	5.681049E+02
0.022	5.640422E+02
0.024	5.596370E+02
0.026	5.548994E+02
0.028	5.498426E+02
0.03	5.444782E+02
0.032	5.388205E+02
0.034	5.328825E+02
0.036	5.266795E+02
0.038	5.202253E+02
0.04	5.135360E+02
0.042	5.066262E+02
0.044	4.995121E+02
0.046	4.922092E+02
0.048	4.847336E+02
0.05	4.771010E+02
0.052	4.693275E+02
0.054	4.614286E+02
0.056	4.534202E+02
0.058	4.453174E+02
0.06	4.371356E+02
0.062	4.288895E+02
0.064	4.205936E+02
0.066	4.122620E+02
0.068	4.039081E+02
0.07	3.955454E+02
0.072	3.871863E+02
0.074	3.788430E+02
0.076	3.705270E+02
0.078	3.622495E+02
0.08	3.540206E+02
0.082	3.458506E+02
0.084	3.377481E+02
0.086	3.297224E+02
0.088	3.217809E+02
0.09	3.139316E+02
0.092	3.061808E+02
0.094	2.985353E+02
0.096	2.910001E+02
0.098	2.835810E+02
0.1	2.762820E+02
0.102	2.691077E+02
0.104	2.620609E+02
0.106	2.551455E+02
0.108	2.483632E+02
0.11	2.417170E+02
0.112	2.352077E+02
0.114	2.288374E+02
0.116	2.226063E+02
0.118	2.165155E+02
0.12	2.105648E+02
0.122	2.047546E+02
0.124	1.990839E+02
0.126	1.935526E+02
0.128	1.881593E+02
0.13	1.829034E+02
0.132	1.777830E+02
0.134	1.727971E+02
0.136	1.679434E+02
0.138	1.632208E+02
0.14	1.586266E+02
0.142	1.541594E+02
0.144	1.498163E+02
0.146	1.455956E+02
0.148	1.414944E+02
0.15	1.375108E+02
0.152	1.336419E+02
0.154	1.298856E+02
0.156	1.262388E+02
0.158	1.226995E+02
0.16	1.192647E+02
0.162	1.159321E+02
0.164	1.126989E+02
0.166	1.095627E+02
0.168	1.065208E+02
0.17	1.035708E+02
0.172	1.007100E+02
0.174	9.793623E+01
0.176	9.524665E+01
0.178	9.263921E+01
0.18	9.011122E+01
0.182	8.766064E+01
0.184	8.528490E+01
0.186	8.298204E+01
0.188	8.074959E+01
0.19	7.858567E+01
0.192	7.648792E+01
0.194	7.445455E+01
0.196	7.248332E+01
0.198	7.057251E+01
0.2	6.872000E+01
0.202	6.692416E+01
0.204	6.518298E+01
0.206	6.349494E+01
0.208	6.185812E+01
0.21	6.027107E+01
0.212	5.873202E+01
0.214	5.723958E+01
0.216	5.579207E+01
0.218	5.438821E+01
0.22	5.302642E+01
0.222	5.170548E+01
0.224	5.042392E+01
0.226	4.918060E+01
0.228	4.797413E+01
0.23	4.680344E+01
0.232	4.566724E+01
0.234	4.456453E+01
0.236	4.349409E+01
0.238	4.245500E+01
0.24	4.144611E+01
0.242	4.046655E+01
0.244	3.951526E+01
0.246	3.859144E+01
0.248	3.769407E+01
0.25	3.682242E+01
0.252	3.597554E+01
0.254	3.515274E+01
0.256	3.435314E+01
0.258	3.357609E+01
0.26	3.282077E+01
0.262	3.208659E+01
0.264	3.137276E+01
0.266	3.067874E+01
0.268	3.000381E+01
0.27	2.934743E+01
0.272	2.870896E+01
0.274	2.808788E+01
0.276	2.748360E+01
0.278	2.689564E+01
0.28	2.632343E+01
0.282	2.576655E+01
0.284	2.522444E+01
0.286	2.469672E+01
0.288	2.418289E+01
0.29	2.368256E+01
0.292	2.319527E+01
0.294	2.272067E+01
0.296	2.225833E+01
0.298	2.180792E+01
0.3	2.136903E+01
0.302	2.094135E+01
0.304	2.052452E+01
0.306	2.011823E+01
0.308	1.972215E+01
0.31	1.933599E+01
0.312	1.895944E+01
0.314	1.859224E+01
0.316	1.823407E+01
0.318	1.788473E+01
0.32	1.754389E+01
0.322	1.721136E+01
0.324	1.688686E+01
0.326	1.657019E+01
0.328	1.626110E+01
0.33	1.595939E+01
0.332	1.566482E+01
0.334	1.537723E+01
0.336	1.509638E+01
0.338	1.482211E+01
0.34	1.455421E+01
0.342	1.429253E+01
0.344	1.403687E+01
0.346	1.378708E+01
0.348	1.354298E+01
0.35	1.330444E+01
0.352	1.307128E+01
0.354	1.284337E+01
0.356	1.262055E+01
0.358	1.240271E+01
0.36	1.218968E+01
0.362	1.198137E+01
0.364	1.177762E+01
0.366	1.157833E+01
0.368	1.138336E+01
0.37	1.119262E+01
0.372	1.100598E+01
0.374	1.082334E+01
0.376	1.064459E+01
0.378	1.046965E+01
0.38	1.029839E+01
0.382	1.013074E+01
0.384	9.966584E+00
0.386	9.805862E+00
0.388	9.648463E+00
0.39	9.494323E+00
0.392	9.343340E+00
0.394	9.195456E+00
0.396	9.050568E+00
0.398	8.908623E+00
0.4	8.769517E+00
0.402	8.633202E+00
0.404	8.499578E+00
0.406	8.368607E+00
0.408	8.240209E+00
0.41	8.114349E+00
0.412	7.990963E+00
0.414	7.870007E+00
0.416	7.751399E+00
0.418	7.635094E+00
0.42	7.520996E+00
0.422	7.409074E+00
0.424	7.299272E+00
0.426	7.191566E+00
0.428	7.085903E+00
0.43	6.982246E+00
0.432	6.880507E+00
0.434	6.780656E+00
0.436	6.682645E+00
0.438	6.586456E+00
0.44	6.492037E+00
0.442	6.399360E+00
0.444	6.308349E+00
0.446	6.218982E+00
0.448	6.131230E+00
0.45	6.045076E+00
0.452	5.960452E+00
0.454	5.877335E+00
0.456	5.795683E+00
0.458	5.715485E+00
0.46	5.636694E+00
0.462	5.559290E+00
0.464	5.483223E+00
0.466	5.408480E+00
0.468	5.335028E+00
0.47	5.262852E+00
0.472	5.191900E+00
0.474	5.122162E+00
0.476	5.053607E+00
0.478	4.986226E+00
0.48	4.919969E+00
0.482	4.854828E+00
0.484	4.790772E+00
0.486	4.727794E+00
0.488	4.665852E+00
0.49	4.604937E+00
0.492	4.545019E+00
0.494	4.486091E+00
0.496	4.428118E+00
0.498	4.371095E+00
0.5	4.314989E+00
0.502	4.259792E+00
0.504	4.205479E+00
0.506	4.152043E+00
0.508	4.099453E+00
0.51	4.047702E+00
0.512	3.996764E+00
0.514	3.946638E+00
0.516	3.897295E+00
0.518	3.848728E+00
0.52	3.800911E+00
0.522	3.753844E+00
0.524	3.707502E+00
0.526	3.661881E+00
0.528	3.616955E+00
0.53	3.572722E+00
0.532	3.529157E+00
0.534	3.486262E+00
0.536	3.444014E+00
0.538	3.402409E+00
0.54	3.361423E+00
0.542	3.321057E+00
0.544	3.281289E+00
0.546	3.242120E+00
0.548	3.203530E+00
0.55	3.165515E+00
0.552	3.128054E+00
0.554	3.091151E+00
0.556	3.054783E+00
0.558	3.018951E+00
0.56	2.983640E+00
0.562	2.948844E+00
0.564	2.914546E+00
0.566	2.880750E+00
0.568	2.847433E+00
0.57	2.814599E+00
0.572	2.782234E+00
0.574	2.750332E+00
0.576	2.718880E+00
0.578	2.687880E+00
0.58	2.657310E+00
0.582	2.627178E+00
0.584	2.597465E+00
0.586	2.568172E+00
0.588	2.539287E+00
0.59	2.510808E+00
0.592	2.482720E+00
0.594	2.455029E+00
0.596	2.427712E+00
0.598	2.400779E+00
0.6	2.374213E+00
0.602	2.348014E+00
0.604	2.322174E+00
0.606	2.296688E+00
0.608	2.271545E+00
0.61	2.246752E+00
0.612	2.222286E+00
0.614	2.198159E+00
0.616	2.174353E+00
0.618	2.150870E+00
0.62	2.127702E+00
0.622	2.104847E+00
0.624	2.082295E+00
0.626	2.060050E+00
0.628	2.038094E+00
0.63	2.016438E+00
0.632	1.995064E+00
0.634	1.973977E+00
0.636	1.953168E+00
0.638	1.932634E+00
0.64	1.912370E+00
0.642	1.892376E+00
0.644	1.872640E+00
0.646	1.853169E+00
0.648	1.833947E+00
0.65	1.814982E+00
0.652	1.796260E+00
0.654	1.777786E+00
0.656	1.759550E+00
0.658	1.741554E+00
0.66	1.723789E+00
0.662	1.706257E+00
0.664	1.688949E+00
0.666	1.671870E+00
0.668	1.655006E+00
0.67	1.638365E+00
0.672	1.621934E+00
0.674	1.605719E+00
0.676	1.589710E+00
0.678	1.573909E+00
0.68	1.558308E+00
0.682	1.542912E+00
0.684	1.527709E+00
0.686	1.512705E+00
0.688	1.497889E+00
0.69	1.483267E+00
0.692	1.468829E+00
0.694	1.454577E+00
0.696	1.440507E+00
0.698	1.426617E+00
0.7	1.412904E+00
0.702	1.399368E+00
0.704	1.386003E+00
0.706	1.372812E+00
0.708	1.359785E+00
0.71	1.346929E+00
0.712	1.334233E+00
0.714	1.321703E+00
0.716	1.309330E+00
0.718	1.297118E+00
0.72	1.285059E+00
0.722	1.273157E+00
0.724	1.261406E+00
0.726	1.249806E+00
0.728	1.238353E+00
0.73	1.227049E+00
0.732	1.215888E+00
0.734	1.204872E+00
0.736	1.193995E+00
0.738	1.183261E+00
0.74	1.172663E+00
0.742	1.162204E+00
0.744	1.151878E+00
0.746	1.141687E+00
0.748	1.131626E+00
0.75	1.121698E+00
0.752	1.111895E+00
0.754	1.102224E+00
0.756	1.092674E+00
0.758	1.083253E+00
0.76	1.073952E+00
0.762	1.064775E+00
0.764	1.055716E+00
0.766	1.046779E+00
0.768	1.037957E+00
0.77	1.029254E+00
0.772	1.020663E+00
0.774	1.012189E+00
0.776	1.003825E+00
0.778	9.955753E-01
0.78	9.874336E-01
0.782	9.794030E-01
0.784	9.714789E-01
0.786	9.636630E-01
0.788	9.559517E-01
0.79	9.483462E-01
0.792	9.408435E-01
0.794	9.334444E-01
0.796	9.261462E-01
0.798	9.189493E-01
0.8	9.118519E-01
0.802	9.048534E-01
0.804	8.979528E-01
0.806	8.911486E-01
0.808	8.844405E-01
0.81	8.778269E-01
0.812	8.713076E-01
0.814	8.648810E-01
0.816	8.585471E-01
0.818	8.523041E-01
0.82	8.461524E-01
0.822	8.400898E-01
0.824	8.341168E-01
0.826	8.282313E-01
0.828	8.224339E-01
0.83	8.167224E-01
0.832	8.110973E-01
0.834	8.055568E-01
0.836	8.001011E-01
0.838	7.947286E-01
0.84	7.894397E-01
0.842	7.842326E-01
0.844	7.791076E-01
0.846	7.740630E-01
0.848	7.690990E-01
0.85	7.642143E-01
0.852	7.594090E-01
0.854	7.546820E-01
0.856	7.500330E-01
0.858	7.454609E-01
0.86	7.409655E-01
0.862	7.365460E-01
0.864	7.322021E-01
0.866	7.279333E-01
0.868	7.237388E-01
0.87	7.196182E-01
0.872	7.155707E-01
0.874	7.115963E-01
0.876	7.076940E-01
0.878	7.038640E-01
0.88	7.001048E-01
0.882	6.964168E-01
0.884	6.927989E-01
0.886	6.892517E-01
0.888	6.857733E-01
0.89	6.823647E-01
0.892	6.790239E-01
0.894	6.757525E-01
0.896	6.725479E-01
0.898	6.694120E-01
0.9	6.663419E-01
0.902	6.633397E-01
0.904	6.604027E-01
0.906	6.575331E-01
0.908	6.547277E-01
0.91	6.519891E-01
0.912	6.493138E-01
0.914	6.467050E-01
0.916	6.441587E-01
0.918	6.416781E-01
0.92	6.392593E-01
0.922	6.369059E-01
0.924	6.346137E-01
0.926	6.323862E-01
0.928	6.302196E-01
0.93	6.281171E-01
0.932	6.260750E-01
0.934	6.240965E-01
0.936	6.221779E-01
0.938	6.203221E-01
0.94	6.185260E-01
0.942	6.167920E-01
0.944	6.151178E-01
0.946	6.135051E-01
0.948	6.119519E-01
0.95	6.104596E-01
0.952	6.090266E-01
0.954	6.076538E-01
0.956	6.063403E-01
0.958	6.050864E-01
0.96	6.038919E-01
0.962	6.027565E-01
0.964	6.016803E-01
0.966	6.006627E-01
0.968	5.997041E-01
0.97	5.988039E-01
0.972	5.979626E-01
0.974	5.971795E-01
0.976	5.964550E-01
0.978	5.957886E-01
0.98	5.951804E-01
0.982	5.946303E-01
0.984	5.941384E-01
0.986	5.937045E-01
0.988	5.933286E-01
0.99	5.930107E-01
0.992	5.927504E-01
0.994	5.925482E-01
0.996	5.924035E-01
0.998	5.923169E-01
1	0.00
